========================================
SKELETAL MESH DEBUG INFO
========================================

### SKELETON ###
Bone: mixamorig:Hips
  OffsetMatrix:
    [1, 0, 1.67786e-17, 0.854512]
    [0, 1, -0, 0.000976562]
    [-1.67786e-17, 0, 1, -69.7715]
    [0, 0, 0, 1]
  BindPose (Relative):
    Loc: (-0.00854512, -9.76562e-06, 0.697715)
    Rot: (0, 0, 0, 1)
    Scl: (1, 1, 1)
  Bone: mixamorig:Spine
    OffsetMatrix:
      [0.999144, 0, 0.0413651, -1.92216]
      [0, 1, -0, 0.000976562]
      [-0.0413651, 0, 0.999144, -73.7175]
      [0, 0, 0, 1]
    BindPose (Relative):
      Loc: (-0.00274296, 0, 0.0396241)
      Rot: (0, -0.020687, 0, 0.999786)
      Scl: (1, 1, 1)
    Bone: mixamorig:Spine1
      OffsetMatrix:
        [0.999144, 0, 0.041365, -2.18659]
        [0, 1, 0, 0.000976562]
        [-0.041365, 0, 0.999144, -87.8408]
        [0, 0, 0, 1]
      BindPose (Relative):
        Loc: (0.00264427, 0, 0.141233)
        Rot: (0, 1.17946e-08, 0, 1)
        Scl: (1, 1, 1)
      Bone: mixamorig:Spine2
        OffsetMatrix:
          [0.999144, 0, 0.041365, -2.2927]
          [0, 1, -0, 0.000976562]
          [-0.041365, 0, 0.999144, -99.2453]
          [0, 0, 0, 1]
        BindPose (Relative):
          Loc: (0.00106111, 0, 0.114045)
          Rot: (0, -3.46945e-18, 0, 1)
          Scl: (1, 1, 1)
        Bone: mixamorig:Neck
          OffsetMatrix:
            [1, 0, 2.77556e-17, 2.22599]
            [0, 1, -0, 0.000976562]
            [-2.77556e-17, 0, 1, -109.193]
            [0, 0, 0, 1]
          BindPose (Relative):
            Loc: (-4.10401e-10, 0, 0.0994667)
            Rot: (0, 0.0206869, 0, 0.999786)
            Scl: (1, 1, 1)
          Bone: mixamorig:Head
            OffsetMatrix:
              [1, 0, 1.38778e-17, 2.11183]
              [0, 1, -0, 0.000976562]
              [-1.38778e-17, 0, 1, -117.772]
              [0, 0, 0, 1]
            BindPose (Relative):
              Loc: (0.00114167, 0, 0.0857911)
              Rot: (0, 0, 0, 1)
              Scl: (1, 1, 1)
            Bone: mixamorig:HeadTop_End
              OffsetMatrix:
                [1, 0, 1.38778e-17, 1.77795]
                [0, 1, -0, 0.000976562]
                [-1.38778e-17, 0, 1, -142.862]
                [0, 0, 0, 1]
              BindPose (Relative):
                Loc: (0.00333874, 0, 0.250891)
                Rot: (0, 0, 0, 1)
                Scl: (1, 1, 1)
        Bone: mixamorig:LeftShoulder
          OffsetMatrix:
            [0.043414, 0.235776, -0.970837, 106.083]
            [0.999053, -0.0131443, 0.0414835, -2.30464]
            [-0.00298018, -0.971719, -0.236123, 21.423]
            [0, 0, 0, 1]
          BindPose (Relative):
            Loc: (-0.00056615, -0.0422409, 0.0889837)
            Rot: (0.5595, 0.55214, -0.439923, 0.434245)
            Scl: (1, 1, 1)
          Bone: mixamorig:LeftArm
            OffsetMatrix:
              [0.0495473, 0.00585146, -0.998755, 106.107]
              [0.998554, 0.0206073, 0.0496581, -2.73948]
              [0.0208722, -0.999771, -0.00482196, -12.2739]
              [0, 0, 0, 1]
            BindPose (Relative):
              Loc: (-1.11353e-09, 5.6815e-11, 0.0886101)
              Rot: (-0.0172486, -0.11583, 0.00201175, 0.993117)
              Scl: (1, 1, 1)
            Bone: mixamorig:LeftForeArm
              OffsetMatrix:
                [0.0506249, -0.0190992, -0.998535, 105.292]
                [0.997812, 0.0435322, 0.0497556, -2.02204]
                [0.0425182, -0.998869, 0.0212612, -33.9437]
                [0, 0, 0, 1]
              BindPose (Relative):
                Loc: (5.5654e-11, 7.02046e-11, 0.189752)
                Rot: (-0.0114677, -0.0124866, 0.000143211, 0.999856)
                Scl: (1, 1, 1)
              Bone: mixamorig:LeftHand
                OffsetMatrix:
                  [0.000529879, -0.0461525, -0.998934, 103.885]
                  [0.999995, -0.00324965, 0.000680581, 0.783258]
                  [-0.0032776, -0.998929, 0.0461505, -56.5375]
                  [0, 0, 0, 1]
                BindPose (Relative):
                  Loc: (3.40695e-11, 2.88995e-10, 0.19896)
                  Rot: (0.0225744, -0.0130222, -0.0253142, 0.99934)
                  Scl: (1, 1, 1)
                Bone: mixamorig:LeftHandThumb1
                  OffsetMatrix:
                    [-0.22262, 0.261981, -0.939045, 113.21]
                    [0.807144, 0.589745, -0.0268191, 33.745]
                    [0.546772, -0.763915, -0.342745, -5.65732]
                    [0, 0, 0, 1]
                  BindPose (Relative):
                    Loc: (0.0120944, 0.0208887, 0.0214125)
                    Rot: (-0.306245, 0.182949, -0.0600975, 0.932272)
                    Scl: (1, 1, 1)
                  Bone: mixamorig:LeftHandThumb2
                    OffsetMatrix:
                      [-0.206638, 0.239673, -0.948608, 112.923]
                      [0.807144, 0.589745, -0.0268191, 33.4153]
                      [0.553009, -0.771205, -0.315314, -11.5036]
                      [0, 0, 0, 1]
                    BindPose (Relative):
                      Loc: (-4.93271e-10, 0.00329769, 0.0256015)
                      Rot: (2.24829e-17, -0.0145303, -4.878e-18, 0.999894)
                      Scl: (1, 1, 1)
                    Bone: mixamorig:LeftHandThumb3
                      OffsetMatrix:
                        [-0.251438, 0.302314, -0.919448, 113.711]
                        [0.807144, 0.589745, -0.0268191, 33.4922]
                        [0.534132, -0.74887, -0.392296, -4.8913]
                        [0, 0, 0, 1]
                      BindPose (Relative):
                        Loc: (-4.52279e-10, -0.000769169, 0.0272716)
                        Rot: (6.92602e-17, 0.0411744, -3.75781e-17, 0.999152)
                        Scl: (1, 1, 1)
                      Bone: mixamorig:LeftHandThumb4
                        OffsetMatrix:
                          [-0.251438, 0.302314, -0.919448, 113.711]
                          [0.807144, 0.589745, -0.0268191, 33.745]
                          [0.534132, -0.74887, -0.392295, -7.12894]
                          [0, 0, 0, 1]
                        BindPose (Relative):
                          Loc: (-1.20113e-10, -0.00252852, 0.0223764)
                          Rot: (-4.68375e-17, -1.05414e-08, -1.04083e-17, 1)
                          Scl: (1, 1, 1)
                Bone: mixamorig:LeftHandIndex1
                  OffsetMatrix:
                    [-0.00439531, 0.0253895, -0.999668, 108.135]
                    [0.997637, 0.0686536, -0.00264272, 2.77066]
                    [0.0685637, -0.997317, -0.0256312, -55.8386]
                    [0, 0, 0, 1]
                  BindPose (Relative):
                    Loc: (0.000296581, 0.0258603, 0.069423)
                    Rot: (-0.0359861, 0.0358343, -0.0012912, 0.998709)
                    Scl: (1, 1, 1)
                  Bone: mixamorig:LeftHandIndex2
                    OffsetMatrix:
                      [-0.00282958, 0.00262457, -0.999993, 106.768]
                      [0.997637, 0.0686536, -0.00264272, 2.77167]
                      [0.0686462, -0.997637, -0.00281263, -61.1357]
                      [0, 0, 0, 1]
                    BindPose (Relative):
                      Loc: (-1.97868e-11, -1.00614e-05, 0.0284488)
                      Rot: (3.41773e-18, -0.0114105, -3.94709e-19, 0.999935)
                      Scl: (1, 1, 1)
                    Bone: mixamorig:LeftHandIndex3
                      OffsetMatrix:
                        [-0.00375242, 0.0160397, -0.999864, 107.616]
                        [0.997637, 0.0686536, -0.00264272, 2.77037]
                        [0.0686019, -0.997512, -0.0162594, -62.3597]
                        [0, 0, 0, 1]
                      BindPose (Relative):
                        Loc: (-2.30415e-12, 1.30266e-05, 0.0266549)
                        Rot: (-3.07451e-18, 0.00672372, 2.06727e-20, 0.999977)
                        Scl: (1, 1, 1)
                      Bone: mixamorig:LeftHandIndex4
                        OffsetMatrix:
                          [-0.00375242, 0.0160397, -0.999864, 107.616]
                          [0.997637, 0.0686536, -0.00264272, 2.77066]
                          [0.0686019, -0.997512, -0.0162594, -64.6572]
                          [0, 0, 0, 1]
                        BindPose (Relative):
                          Loc: (-5.30872e-11, -2.96572e-06, 0.0229744)
                          Rot: (1.72659e-17, -2.46751e-09, 8.67362e-19, 1)
                          Scl: (1, 1, 1)
                Bone: mixamorig:LeftHandMiddle1
                  OffsetMatrix:
                    [0.000504792, -0.0500346, -0.998747, 103.748]
                    [0.999979, -0.00642251, 0.000827165, -0.233014]
                    [-0.00645585, -0.998727, 0.0500303, -63.7679]
                    [0, 0, 0, 1]
                  BindPose (Relative):
                    Loc: (-0.00110074, 0.00815008, 0.0682715)
                    Rot: (0.00158814, -0.00194331, -3.08622e-06, 0.999997)
                    Scl: (1, 1, 1)
                  Bone: mixamorig:LeftHandMiddle2
                    OffsetMatrix:
                      [0.00103458, 0.0323593, -0.999476, 108.914]
                      [0.999979, -0.00642251, 0.000827165, -0.244739]
                      [-0.00639238, -0.999456, -0.0323653, -58.2557]
                      [0, 0, 0, 1]
                    BindPose (Relative):
                      Loc: (7.33347e-11, 0.000117256, 0.0325679)
                      Rot: (-4.68757e-19, 0.0411994, 1.93289e-20, 0.999151)
                      Scl: (1, 1, 1)
                    Bone: mixamorig:LeftHandMiddle3
                      OffsetMatrix:
                        [0.0017688, 0.148028, -0.988982, 115.302]
                        [0.999979, -0.00642251, 0.000827165, -0.245445]
                        [-0.0062293, -0.988962, -0.148037, -48.3907]
                        [0, 0, 0, 1]
                      BindPose (Relative):
                        Loc: (-1.50942e-10, 7.0579e-06, 0.0317789)
                        Rot: (-1.42539e-18, 0.0580732, 2.86151e-20, 0.998312)
                        Scl: (1, 1, 1)
                      Bone: mixamorig:LeftHandMiddle4
                        OffsetMatrix:
                          [0.0017688, 0.148028, -0.988982, 115.302]
                          [0.999979, -0.00642251, 0.000827165, -0.233014]
                          [-0.0062293, -0.988962, -0.148037, -51.0858]
                          [0, 0, 0, 1]
                        BindPose (Relative):
                          Loc: (-1.36353e-10, -0.000124314, 0.0269513)
                          Rot: (4.83012e-17, 9.75458e-09, 1.40404e-17, 1)
                          Scl: (1, 1, 1)
                Bone: mixamorig:LeftHandRing1
                  OffsetMatrix:
                    [-0.00331348, -0.0873122, -0.996175, 101.2]
                    [0.995687, -0.0926517, 0.00480883, -3.99218]
                    [-0.0927173, -0.991863, 0.0872426, -67.4624]
                    [0, 0, 0, 1]
                  BindPose (Relative):
                    Loc: (-0.000230048, -0.00898817, 0.0677873)
                    Rot: (0.0447909, -0.0206945, -0.000928057, 0.998782)
                    Scl: (1, 1, 1)
                  Bone: mixamorig:LeftHandRing2
                    OffsetMatrix:
                      [0.0018467, -0.0320298, -0.999485, 104.959]
                      [0.995687, -0.0926517, 0.00480883, -3.9962]
                      [-0.0927581, -0.995183, 0.0317206, -64.6848]
                      [0, 0, 0, 1]
                    BindPose (Relative):
                      Loc: (-1.20993e-10, 4.02911e-05, 0.0295804)
                      Rot: (2.13565e-17, 0.0278106, -5.94166e-19, 0.999613)
                      Scl: (1, 1, 1)
                    Bone: mixamorig:LeftHandRing3
                      OffsetMatrix:
                        [0.00123079, -0.0386367, -0.999253, 104.509]
                        [0.995687, -0.0926517, 0.00480883, -3.99371]
                        [-0.0927683, -0.994949, 0.038356, -68.1371]
                        [0, 0, 0, 1]
                      BindPose (Relative):
                        Loc: (1.40197e-10, -2.49336e-05, 0.0275694)
                        Rot: (1.1696e-17, -0.00331979, 3.88286e-20, 0.999995)
                        Scl: (1, 1, 1)
                      Bone: mixamorig:LeftHandRing4
                        OffsetMatrix:
                          [0.00123079, -0.0386367, -0.999253, 104.509]
                          [0.995687, -0.0926517, 0.00480883, -3.99218]
                          [-0.0927683, -0.994949, 0.038356, -70.4717]
                          [0, 0, 0, 1]
                        BindPose (Relative):
                          Loc: (2.23271e-11, -1.53573e-05, 0.0233458)
                          Rot: (-3.79471e-18, 7.12447e-10, 8.67362e-19, 1)
                          Scl: (1, 1, 1)
                Bone: mixamorig:LeftHandPinky1
                  OffsetMatrix:
                    [0.00174761, -0.0316042, -0.999499, 104.707]
                    [0.99652, -0.0832416, 0.00437451, -1.76489]
                    [-0.0833382, -0.996028, 0.0313487, -61.4661]
                    [0, 0, 0, 1]
                  BindPose (Relative):
                    Loc: (0.000874585, -0.0250222, 0.0639078)
                    Rot: (0.0400752, 0.00729918, 0.000292759, 0.99917)
                    Scl: (1, 1, 1)
                  Bone: mixamorig:LeftHandPinky2
                    OffsetMatrix:
                      [0.00289127, -0.0179307, -0.999835, 105.576]
                      [0.99652, -0.0832416, 0.00437451, -1.76169]
                      [-0.0833063, -0.996368, 0.0176276, -62.6467]
                      [0, 0, 0, 1]
                    BindPose (Relative):
                      Loc: (-3.75657e-11, -3.19745e-05, 0.0262372)
                      Rot: (-1.89478e-17, 0.00686268, 1.30036e-19, 0.999976)
                      Scl: (1, 1, 1)
                    Bone: mixamorig:LeftHandPinky3
                      OffsetMatrix:
                        [-0.00864829, -0.155443, -0.987807, 95.6119]
                        [0.99652, -0.0832416, 0.00437451, -1.75781]
                        [-0.0829066, -0.984331, 0.155622, -78.7465]
                        [0, 0, 0, 1]
                      BindPose (Relative):
                        Loc: (3.02052e-12, -3.88013e-05, 0.0213208)
                        Rot: (-1.47377e-17, -0.0692596, 7.15711e-19, 0.997599)
                        Scl: (1, 1, 1)
                      Bone: mixamorig:LeftHandPinky4
                        OffsetMatrix:
                          [-0.00864829, -0.155443, -0.987807, 95.6119]
                          [0.99652, -0.0832416, 0.00437451, -1.76489]
                          [-0.0829066, -0.984331, 0.155622, -80.5397]
                          [0, 0, 0, 1]
                        BindPose (Relative):
                          Loc: (2.23159e-10, 7.07756e-05, 0.0179323)
                          Rot: (-1.39916e-16, 5.96761e-09, 1.86483e-17, 1)
                          Scl: (1, 1, 1)
        Bone: mixamorig:RightShoulder
          OffsetMatrix:
            [0.0419182, -0.236037, -0.970839, 106.08]
            [-0.999117, -0.00700452, -0.0414361, 2.2998]
            [0.0029802, 0.971719, -0.236122, 21.4381]
            [0, 0, 0, 1]
          BindPose (Relative):
            Loc: (-0.000302304, 0.0422409, 0.0889728)
            Rot: (0.557847, -0.553921, -0.438531, -0.43551)
            Scl: (1, 1, 1)
          Bone: mixamorig:RightArm
            OffsetMatrix:
              [0.0469365, -0.00558092, -0.998882, 106.107]
              [-0.998765, 0.0160272, -0.0470206, 2.59723]
              [0.0162717, 0.999856, -0.00482177, -12.2847]
              [0, 0, 0, 1]
            BindPose (Relative):
              Loc: (-1.11383e-09, -4.99196e-11, 0.0886101)
              Rot: (0.0117707, -0.116097, -0.00137594, 0.993167)
              Scl: (1, 1, 1)
            Bone: mixamorig:RightForeArm
              OffsetMatrix:
                [0.0480663, 0.0190838, -0.998662, 105.301]
                [-0.997823, 0.0461259, -0.0471444, 1.65485]
                [0.0451645, 0.998753, 0.0212593, -33.9325]
                [0, 0, 0, 1]
              BindPose (Relative):
                Loc: (4.50912e-11, -1.43794e-10, 0.189736)
                Rot: (0.0150557, -0.0123444, -0.000185888, 0.99981)
                Scl: (1, 1, 1)
              Bone: mixamorig:RightHand
                OffsetMatrix:
                  [0.00283651, 0.0446146, -0.999, 103.974]
                  [-0.99997, -0.00700374, -0.00315204, -0.281661]
                  [-0.00713737, 0.99898, 0.0445934, -56.3761]
                  [0, 0, 0, 1]
                BindPose (Relative):
                  Loc: (-1.68704e-10, 3.45657e-10, 0.198983)
                  Rot: (-0.0258482, -0.0123237, 0.0228592, 0.999328)
                  Scl: (1, 1, 1)
                Bone: mixamorig:RightHandThumb1
                  OffsetMatrix:
                    [-0.229212, -0.268322, -0.935663, 113.18]
                    [-0.800642, 0.598643, 0.0244617, -33.9797]
                    [0.553565, 0.754738, -0.352046, -4.217]
                    [0, 0, 0, 1]
                  BindPose (Relative):
                    Loc: (0.0124104, -0.0206201, 0.0214771)
                    Rot: (0.312826, 0.187032, 0.0629745, 0.929082)
                    Scl: (1, 1, 1)
                  Bone: mixamorig:RightHandThumb2
                    OffsetMatrix:
                      [-0.197599, -0.22529, -0.954044, 112.617]
                      [-0.800642, 0.598643, 0.0244617, -33.7052]
                      [0.565621, 0.768681, -0.298668, -13.161]
                      [0, 0, 0, 1]
                    BindPose (Relative):
                      Loc: (-3.67343e-11, -0.00274449, 0.0256587)
                      Rot: (-3.00015e-17, -0.0282358, 1.30359e-17, 0.999601)
                      Scl: (1, 1, 1)
                    Bone: mixamorig:RightHandThumb3
                      OffsetMatrix:
                        [-0.239243, -0.282006, -0.929105, 113.489]
                        [-0.800642, 0.598643, 0.0244617, -33.7819]
                        [0.549304, 0.749733, -0.369007, -7.44569]
                        [0, 0, 0, 1]
                      BindPose (Relative):
                        Loc: (8.24022e-10, 0.000767177, 0.0273022)
                        Rot: (1.45593e-16, 0.037326, 2.92805e-17, 0.999303)
                        Scl: (1, 1, 1)
                      Bone: mixamorig:RightHandThumb4
                        OffsetMatrix:
                          [-0.239243, -0.282006, -0.929105, 113.489]
                          [-0.800642, 0.598643, 0.0244617, -33.9797]
                          [0.549304, 0.749733, -0.369007, -9.68995]
                          [0, 0, 0, 1]
                        BindPose (Relative):
                          Loc: (2.73953e-10, 0.00197731, 0.0224426)
                          Rot: (5.11743e-17, -8.09526e-09, 2.94903e-17, 1)
                          Scl: (1, 1, 1)
                Bone: mixamorig:RightHandIndex1
                  OffsetMatrix:
                    [-0.00210243, -0.0234749, -0.999722, 108.007]
                    [-0.99738, 0.0723416, 0.000398818, -2.75556]
                    [0.0723122, 0.997104, -0.0235655, -56.1726]
                    [0, 0, 0, 1]
                  BindPose (Relative):
                    Loc: (0.000509198, -0.0256994, 0.0705378)
                    Rot: (0.0397103, 0.0341091, 0.00135635, 0.998628)
                    Scl: (1, 1, 1)
                  Bone: mixamorig:RightHandIndex2
                    OffsetMatrix:
                      [-0.00039063, 0.000127334, -1, 106.581]
                      [-0.99738, 0.0723416, 0.000398818, -2.75706]
                      [0.0723417, 0.99738, 9.87419e-05, -61.5284]
                      [0, 0, 0, 1]
                    BindPose (Relative):
                      Loc: (-4.98929e-11, 1.50839e-05, 0.0281632)
                      Rot: (-4.68995e-18, -0.0118329, -1.09714e-19, 0.99993)
                      Scl: (1, 1, 1)
                    Bone: mixamorig:RightHandIndex3
                      OffsetMatrix:
                        [-0.000779151, -0.00522932, -0.999986, 106.924]
                        [-0.99738, 0.0723416, 0.000398818, -2.75589]
                        [0.0723385, 0.997366, -0.00527198, -63.5947]
                        [0, 0, 0, 1]
                      BindPose (Relative):
                        Loc: (7.4607e-14, -1.17567e-05, 0.0263964)
                        Rot: (1.7398e-17, 0.00268537, -1.00931e-19, 0.999996)
                        Scl: (1, 1, 1)
                      Bone: mixamorig:RightHandIndex4
                        OffsetMatrix:
                          [-0.000779151, -0.00522932, -0.999986, 106.924]
                          [-0.99738, 0.0723416, 0.000398818, -2.75556]
                          [0.0723385, 0.997366, -0.00527198, -65.8362]
                          [0, 0, 0, 1]
                        BindPose (Relative):
                          Loc: (-6.29356e-12, -3.32696e-06, 0.022415)
                          Rot: (-6.6768e-17, -2.32286e-10, -5.42101e-19, 1)
                          Scl: (1, 1, 1)
                Bone: mixamorig:RightHandMiddle1
                  OffsetMatrix:
                    [0.00307972, 0.0641981, -0.997932, 102.801]
                    [-0.999919, 0.0125427, -0.00227897, -0.756579]
                    [0.0123705, 0.997858, 0.0642315, -65.4205]
                    [0, 0, 0, 1]
                  BindPose (Relative):
                    Loc: (-0.000903991, -0.0076549, 0.0701821)
                    Rot: (0.00978253, -0.00980658, -9.59425e-05, 0.999904)
                    Scl: (1, 1, 1)
                  Bone: mixamorig:RightHandMiddle2
                    OffsetMatrix:
                      [0.00157233, -0.0560629, -0.998426, 110.312]
                      [-0.999919, 0.0125427, -0.00227897, -0.748088]
                      [0.0126507, 0.998348, -0.0560386, -55.9217]
                      [0, 0, 0, 1]
                    BindPose (Relative):
                      Loc: (2.31827e-10, -8.49034e-05, 0.0334015)
                      Rot: (-5.17809e-19, 0.0601357, 3.11953e-20, 0.99819)
                      Scl: (1, 1, 1)
                    Bone: mixamorig:RightHandMiddle3
                      OffsetMatrix:
                        [0.00226451, -0.00116655, -0.999997, 106.908]
                        [-0.999919, 0.0125427, -0.00227897, -0.755988]
                        [0.0125453, 0.999921, -0.00113805, -64.9458]
                        [0, 0, 0, 1]
                      BindPose (Relative):
                        Loc: (-4.67938e-11, 7.89969e-05, 0.0305667)
                        Rot: (2.5117e-18, -0.0274616, -3.64843e-19, 0.999623)
                        Scl: (1, 1, 1)
                      Bone: mixamorig:RightHandMiddle4
                        OffsetMatrix:
                          [0.00226451, -0.00116655, -0.999997, 106.908]
                          [-0.999919, 0.0125427, -0.00227897, -0.756579]
                          [0.0125453, 0.999921, -0.00113805, -67.5853]
                          [0, 0, 0, 1]
                        BindPose (Relative):
                          Loc: (-1.75277e-12, 5.9065e-06, 0.0263949)
                          Rot: (-1.79613e-18, -6.39162e-09, 2.1684e-19, 1)
                          Scl: (1, 1, 1)
                Bone: mixamorig:RightHandRing1
                  OffsetMatrix:
                    [0.00441898, 0.0255203, -0.999665, 105.288]
                    [-0.996581, -0.0823672, -0.0065081, 3.60506]
                    [-0.0825057, 0.996275, 0.0250691, -61.1882]
                    [0, 0, 0, 1]
                  BindPose (Relative):
                    Loc: (-0.00121612, 0.00892305, 0.0691108)
                    Rot: (-0.0377554, 0.0095788, -0.000361926, 0.999241)
                    Scl: (1, 1, 1)
                  Bone: mixamorig:RightHandRing2
                    OffsetMatrix:
                      [0.000701906, 0.070325, -0.997524, 102.296]
                      [-0.996581, -0.0823672, -0.0065081, 3.60208]
                      [-0.082621, 0.994118, 0.0700267, -68.7849]
                      [0, 0, 0, 1]
                    BindPose (Relative):
                      Loc: (3.27152e-11, 2.97693e-05, 0.0292394)
                      Rot: (-1.77206e-17, -0.0225048, 4.68681e-19, 0.999747)
                      Scl: (1, 1, 1)
                    Bone: mixamorig:RightHandRing3
                      OffsetMatrix:
                        [0.00220487, 0.0522278, -0.998633, 103.58]
                        [-0.996581, -0.0823672, -0.0065081, 3.60472]
                        [-0.0825945, 0.995233, 0.0518677, -69.63]
                        [0, 0, 0, 1]
                      BindPose (Relative):
                        Loc: (-1.73578e-10, -2.63315e-05, 0.0271795)
                        Rot: (1.03594e-17, 0.00909664, -5.27938e-19, 0.999959)
                        Scl: (1, 1, 1)
                      Bone: mixamorig:RightHandRing4
                        OffsetMatrix:
                          [0.00220487, 0.0522278, -0.998633, 103.58]
                          [-0.996581, -0.0823672, -0.0065081, 3.60506]
                          [-0.0825945, 0.995233, 0.0518677, -72.0097]
                          [0, 0, 0, 1]
                        BindPose (Relative):
                          Loc: (-4.32723e-11, -3.43814e-06, 0.0237965)
                          Rot: (-8.91756e-18, -2.03664e-09, -5.20417e-18, 1)
                          Scl: (1, 1, 1)
                Bone: mixamorig:RightHandPinky1
                  OffsetMatrix:
                    [0.0033306, 0.0400681, -0.999191, 104.135]
                    [-0.994152, -0.107718, -0.00763334, 3.62565]
                    [-0.107937, 0.993374, 0.039475, -62.3082]
                    [0, 0, 0, 1]
                  BindPose (Relative):
                    Loc: (0.00125501, 0.0244312, 0.0645357)
                    Rot: (-0.0504906, 0.00228572, -0.000115555, 0.998722)
                    Scl: (1, 1, 1)
                  Bone: mixamorig:RightHandPinky2
                    OffsetMatrix:
                      [0.00293829, 0.0436781, -0.999041, 103.898]
                      [-0.994152, -0.107718, -0.00763334, 3.62302]
                      [-0.107948, 0.993222, 0.0431062, -65.3141]
                      [0, 0, 0, 1]
                    BindPose (Relative):
                      Loc: (-7.7092e-11, 2.63809e-05, 0.0262786)
                      Rot: (1.12502e-17, -0.00181718, 8.87807e-19, 0.999998)
                      Scl: (1, 1, 1)
                    Bone: mixamorig:RightHandPinky3
                      OffsetMatrix:
                        [-0.00487765, 0.115407, -0.993306, 98.7478]
                        [-0.994152, -0.107718, -0.00763334, 3.62115]
                        [-0.107878, 0.98746, 0.115257, -74.7752]
                        [0, 0, 0, 1]
                      BindPose (Relative):
                        Loc: (2.84632e-11, 1.86101e-05, 0.0212246)
                        Rot: (3.79787e-18, -0.0361904, -7.30394e-19, 0.999345)
                        Scl: (1, 1, 1)
                      Bone: mixamorig:RightHandPinky4
                        OffsetMatrix:
                          [-0.00487765, 0.115407, -0.993306, 98.7478]
                          [-0.994152, -0.107718, -0.00763334, 3.62565]
                          [-0.107878, 0.98746, 0.115257, -76.5671]
                          [0, 0, 0, 1]
                        BindPose (Relative):
                          Loc: (-9.92617e-11, -4.49911e-05, 0.0179199)
                          Rot: (4.99817e-17, -4.96287e-10, 3.29597e-17, 1)
                          Scl: (1, 1, 1)
  Bone: mixamorig:LeftUpLeg
    OffsetMatrix:
      [0.999838, -1.43638e-11, 0.0179719, -0.613301]
      [-0.000384503, -0.999771, 0.0213912, -8.94572]
      [0.0179678, -0.0213947, -0.99961, 64.7681]
      [0, 0, 0, 1]
    BindPose (Relative):
      Loc: (0.00300536, -0.07557, -0.0482627)
      Rot: (0.999902, -9.61351e-05, 0.00898579, 0.0106975)
      Scl: (1, 1, 1)
    Bone: mixamorig:LeftLeg
      OffsetMatrix:
        [0.999997, -5.80671e-05, 0.00245176, -0.0838023]
        [-6.72382e-05, -0.999993, 0.00374069, -8.35036]
        [0.00245152, -0.00374085, -0.99999, 40.8624]
        [0, 0, 0, 1]
      BindPose (Relative):
        Loc: (0.00104699, 0.00124619, 0.240658)
        Rot: (0.00882713, -0.00776022, -6.85051e-05, 0.999931)
        Scl: (1, 1, 1)
      Bone: mixamorig:LeftFoot
        OffsetMatrix:
          [0.546946, 5.70246e-05, 0.837168, -6.59232]
          [-0.00560048, -0.999977, 0.00372707, -8.35577]
          [0.837149, -0.00672705, -0.546934, 4.16985]
          [0, 0, 0, 1]
        BindPose (Relative):
          Loc: (3.94451e-05, 6.01821e-05, 0.330631)
          Rot: (-0.00131378, 0.474864, 0.0024348, 0.880055)
          Scl: (1, 1, 1)
        Bone: mixamorig:LeftToeBase
          OffsetMatrix:
            [0.00837027, -0.010928, 0.999905, -0.527847]
            [-0.0150908, -0.999828, -0.0108009, -8.25434]
            [0.999851, -0.014999, -0.00853374, -10.7014]
            [0, 0, 0, 1]
          BindPose (Relative):
            Loc: (-0.00515507, 5.27855e-05, 0.128933)
            Rot: (-0.00244039, 0.281243, 0.00832658, 0.959597)
            Scl: (1, 1, 1)
          Bone: mixamorig:LeftToe_End
            OffsetMatrix:
              [0.00837027, -0.010928, 0.999905, -0.535736]
              [-0.0150908, -0.999828, -0.0108009, -8.24011]
              [0.999851, -0.014999, -0.00853374, -17.1223]
              [0, 0, 0, 1]
            BindPose (Relative):
              Loc: (7.88913e-05, -0.000142234, 0.0642083)
              Rot: (-2.30393e-19, -1.10121e-11, -1.73472e-16, 1)
              Scl: (1, 1, 1)
  Bone: mixamorig:RightUpLeg
    OffsetMatrix:
      [0.999366, -5.25434e-11, 0.0356153, -1.75942]
      [0.000761619, -0.999771, -0.021371, 8.94267]
      [0.0356072, 0.0213846, -0.999137, 64.7473]
      [0, 0, 0, 1]
    BindPose (Relative):
      Loc: (0.00300536, 0.07557, -0.0482627)
      Rot: (0.999784, 0.000190446, 0.0178095, -0.0106912)
      Scl: (1, 1, 1)
    Bone: mixamorig:RightLeg
      OffsetMatrix:
        [0.999996, 0.000122849, 0.00279495, -0.273473]
        [0.000133303, -0.999993, -0.00374048, 8.34838]
        [0.00279447, 0.00374084, -0.999989, 40.8618]
        [0, 0, 0, 1]
      BindPose (Relative):
        Loc: (-0.00144917, -0.0012477, 0.240701)
        Rot: (-0.00882037, -0.0164127, 0.000144791, 0.999826)
        Scl: (1, 1, 1)
      Bone: mixamorig:RightFoot
        OffsetMatrix:
          [0.554223, 6.3748e-05, 0.832368, -6.65988]
          [0.00570923, -0.999977, -0.00372484, 8.35272]
          [0.832349, 0.00681657, -0.55421, 4.07078]
          [0, 0, 0, 1]
        BindPose (Relative):
          Loc: (4.49665e-05, -6.01787e-05, 0.330631)
          Rot: (0.00131279, 0.470872, -0.00245956, 0.882197)
          Scl: (1, 1, 1)
        Bone: mixamorig:RightToeBase
          OffsetMatrix:
            [0.00839358, 0.0105256, 0.999909, -0.524407]
            [0.0151116, -0.999832, 0.010398, 8.25276]
            [0.999851, 0.0150229, -0.00855122, -10.6735]
            [0, 0, 0, 1]
          BindPose (Relative):
            Loc: (-0.00522365, -5.38105e-05, 0.127183)
            Rot: (0.00242139, 0.285414, -0.00813059, 0.958367)
            Scl: (1, 1, 1)
          Bone: mixamorig:RightToe_End
            OffsetMatrix:
              [0.00839358, 0.0105256, 0.999909, -0.532318]
              [0.0151116, -0.999832, 0.010398, 8.23852]
              [0.999851, 0.0150229, -0.00855122, -17.0856]
              [0, 0, 0, 1]
            BindPose (Relative):
              Loc: (7.9111e-05, 0.000142429, 0.0641213)
              Rot: (1.73472e-18, -2.30902e-10, 3.46945e-18, 1)
              Scl: (1, 1, 1)

### FLESHES (Submeshes) ###
Total Fleshes: 1

Flesh [0]:
  StartIndex: 0
  IndexCount: 73692
  Material: Ch46_body
  Bones Count: 65
  Weights:
    [0] mixamorig:Hips : Weight=1
    [1] mixamorig:Spine : Weight=1
    [2] mixamorig:Spine1 : Weight=1
    [3] mixamorig:Spine2 : Weight=1
    [4] mixamorig:Neck : Weight=1
    [5] mixamorig:Head : Weight=1
    [6] mixamorig:HeadTop_End : Weight=1
    [7] mixamorig:LeftShoulder : Weight=1
    [8] mixamorig:LeftArm : Weight=1
    [9] mixamorig:LeftForeArm : Weight=1
    [10] mixamorig:LeftHand : Weight=1
    [11] mixamorig:LeftHandThumb1 : Weight=1
    [12] mixamorig:LeftHandThumb2 : Weight=1
    [13] mixamorig:LeftHandThumb3 : Weight=1
    [14] mixamorig:LeftHandThumb4 : Weight=1
    [15] mixamorig:LeftHandIndex1 : Weight=1
    [16] mixamorig:LeftHandIndex2 : Weight=1
    [17] mixamorig:LeftHandIndex3 : Weight=1
    [18] mixamorig:LeftHandIndex4 : Weight=1
    [19] mixamorig:LeftHandMiddle1 : Weight=1
    [20] mixamorig:LeftHandMiddle2 : Weight=1
    [21] mixamorig:LeftHandMiddle3 : Weight=1
    [22] mixamorig:LeftHandMiddle4 : Weight=1
    [23] mixamorig:LeftHandRing1 : Weight=1
    [24] mixamorig:LeftHandRing2 : Weight=1
    [25] mixamorig:LeftHandRing3 : Weight=1
    [26] mixamorig:LeftHandRing4 : Weight=1
    [27] mixamorig:LeftHandPinky1 : Weight=1
    [28] mixamorig:LeftHandPinky2 : Weight=1
    [29] mixamorig:LeftHandPinky3 : Weight=1
    [30] mixamorig:LeftHandPinky4 : Weight=1
    [31] mixamorig:RightShoulder : Weight=1
    [32] mixamorig:RightArm : Weight=1
    [33] mixamorig:RightForeArm : Weight=1
    [34] mixamorig:RightHand : Weight=1
    [35] mixamorig:RightHandThumb1 : Weight=1
    [36] mixamorig:RightHandThumb2 : Weight=1
    [37] mixamorig:RightHandThumb3 : Weight=1
    [38] mixamorig:RightHandThumb4 : Weight=1
    [39] mixamorig:RightHandIndex1 : Weight=1
    [40] mixamorig:RightHandIndex2 : Weight=1
    [41] mixamorig:RightHandIndex3 : Weight=1
    [42] mixamorig:RightHandIndex4 : Weight=1
    [43] mixamorig:RightHandMiddle1 : Weight=1
    [44] mixamorig:RightHandMiddle2 : Weight=1
    [45] mixamorig:RightHandMiddle3 : Weight=1
    [46] mixamorig:RightHandMiddle4 : Weight=1
    [47] mixamorig:RightHandRing1 : Weight=1
    [48] mixamorig:RightHandRing2 : Weight=1
    [49] mixamorig:RightHandRing3 : Weight=1
    [50] mixamorig:RightHandRing4 : Weight=1
    [51] mixamorig:RightHandPinky1 : Weight=1
    [52] mixamorig:RightHandPinky2 : Weight=1
    [53] mixamorig:RightHandPinky3 : Weight=1
    [54] mixamorig:RightHandPinky4 : Weight=1
    [55] mixamorig:LeftUpLeg : Weight=1
    [56] mixamorig:LeftLeg : Weight=1
    [57] mixamorig:LeftFoot : Weight=1
    [58] mixamorig:LeftToeBase : Weight=1
    [59] mixamorig:LeftToe_End : Weight=1
    [60] mixamorig:RightUpLeg : Weight=1
    [61] mixamorig:RightLeg : Weight=1
    [62] mixamorig:RightFoot : Weight=1
    [63] mixamorig:RightToeBase : Weight=1
    [64] mixamorig:RightToe_End : Weight=1

### VERTICES (First 10) ###
Total Vertices: 73692

Vertex [0]: Pos=(0.0863628, -0.0522857, 1.29706)
  BoneIndices=[5, 0, 0, 0]
  BoneWeights=[1, 0, 0, 0]
Vertex [1]: Pos=(0.0865262, -0.0525888, 1.29456)
  BoneIndices=[5, 0, 0, 0]
  BoneWeights=[1, 0, 0, 0]
Vertex [2]: Pos=(0.087606, -0.0494064, 1.29411)
  BoneIndices=[5, 0, 0, 0]
  BoneWeights=[1, 0, 0, 0]
Vertex [3]: Pos=(0.0863628, -0.0522857, 1.29706)
  BoneIndices=[5, 0, 0, 0]
  BoneWeights=[1, 0, 0, 0]
Vertex [4]: Pos=(0.087606, -0.0494064, 1.29411)
  BoneIndices=[5, 0, 0, 0]
  BoneWeights=[1, 0, 0, 0]
Vertex [5]: Pos=(0.0874426, -0.0491033, 1.29662)
  BoneIndices=[5, 0, 0, 0]
  BoneWeights=[1, 0, 0, 0]
Vertex [6]: Pos=(0.0874426, -0.0491033, 1.29662)
  BoneIndices=[5, 0, 0, 0]
  BoneWeights=[1, 0, 0, 0]
Vertex [7]: Pos=(0.087606, -0.0494064, 1.29411)
  BoneIndices=[5, 0, 0, 0]
  BoneWeights=[1, 0, 0, 0]
Vertex [8]: Pos=(0.0885998, -0.046193, 1.29363)
  BoneIndices=[5, 0, 0, 0]
  BoneWeights=[1, 0, 0, 0]
Vertex [9]: Pos=(0.0874426, -0.0491033, 1.29662)
  BoneIndices=[5, 0, 0, 0]
  BoneWeights=[1, 0, 0, 0]

========================================
END OF DEBUG INFO
========================================
