FBXImporter Debug Dump
SkinnedVertices=12456
Bones=65

[Bones]
- index=0, name=mixamorig:Hips, parentIndex=-1
  BindPose=
  -0.010000 0.000000 0.000000 0.000000
  -0.000000 0.010000 -0.000000 0.000000
  0.000000 0.000000 0.010000 0.000000
  -0.000010 0.697715 -0.008545 1.000000
  InverseBindPose=
  1.000000 0.000000 0.000000 0.000000
  0.000000 1.000000 0.000000 0.000000
  0.000000 -0.000000 1.000000 0.000000
  -0.000977 -69.771477 0.854512 1.000000
  BoneTransform=
  0.010000 0.000000 0.000000 0.000000
  0.000000 -0.010000 -0.000000 0.000000
  0.000000 0.000000 -0.010000 0.000000
  -0.000010 0.697715 -0.008545 1.000000
  SkinningMatrix=
  0.010000 0.000000 0.000000 0.000000
  0.000000 -0.010000 -0.000000 0.000000
  0.000000 0.000000 -0.010000 0.000000
  -0.000020 1.395429 -0.017090 1.000000

- index=1, name=mixamorig:Spine, parentIndex=-1
  BindPose=
  -0.010000 0.000000 0.000000 0.000000
  -0.000000 0.009991 -0.000414 0.000000
  0.000000 0.000414 0.009991 0.000000
  -0.000010 0.737339 -0.011288 1.000000
  InverseBindPose=
  1.000000 0.000000 0.000000 0.000000
  0.000000 0.999144 0.041365 0.000000
  0.000000 -0.041365 0.999144 0.000000
  -0.000977 -73.717476 -1.922164 1.000000
  BoneTransform=
  0.010000 0.000000 0.000000 0.000000
  0.000000 -0.009991 0.000414 0.000000
  0.000000 -0.000414 -0.009991 0.000000
  -0.000010 0.658091 -0.005802 1.000000
  SkinningMatrix=
  0.010000 0.000000 0.000000 0.000000
  0.000000 -0.010000 -0.000000 0.000000
  0.000000 0.000000 -0.010000 0.000000
  -0.000020 1.395429 -0.017090 1.000000

- index=2, name=mixamorig:Spine1, parentIndex=-1
  BindPose=
  -0.010000 0.000000 0.000000 0.000000
  -0.000000 0.009991 -0.000414 0.000000
  0.000000 0.000414 0.009991 0.000000
  -0.000010 0.878561 -0.014488 1.000000
  InverseBindPose=
  1.000000 0.000000 0.000000 0.000000
  0.000000 0.999144 0.041365 0.000000
  0.000000 -0.041365 0.999144 0.000000
  -0.000977 -87.840820 -2.186589 1.000000
  BoneTransform=
  0.010000 0.000000 0.000000 0.000000
  0.000000 -0.009991 0.000414 0.000000
  0.000000 -0.000414 -0.009991 0.000000
  -0.000010 0.516869 -0.002602 1.000000
  SkinningMatrix=
  0.010000 0.000000 0.000000 0.000000
  0.000000 -0.010000 -0.000000 0.000000
  0.000000 0.000000 -0.010000 0.000000
  -0.000020 1.395429 -0.017090 1.000000

- index=3, name=mixamorig:Spine2, parentIndex=-1
  BindPose=
  -0.010000 0.000000 0.000000 0.000000
  -0.000000 0.009991 -0.000414 0.000000
  0.000000 0.000414 0.009991 0.000000
  -0.000010 0.992552 -0.018145 1.000000
  InverseBindPose=
  1.000000 0.000000 0.000000 0.000000
  0.000000 0.999144 0.041365 0.000000
  0.000000 -0.041365 0.999144 0.000000
  -0.000977 -99.245338 -2.292700 1.000000
  BoneTransform=
  0.010000 0.000000 0.000000 0.000000
  0.000000 -0.009991 0.000414 0.000000
  0.000000 -0.000414 -0.009991 0.000000
  -0.000010 0.402877 0.001055 1.000000
  SkinningMatrix=
  0.010000 0.000000 0.000000 0.000000
  0.000000 -0.010000 -0.000000 0.000000
  0.000000 0.000000 -0.010000 0.000000
  -0.000020 1.395429 -0.017090 1.000000

- index=4, name=mixamorig:Neck, parentIndex=-1
  BindPose=
  -0.010000 0.000000 0.000000 0.000000
  -0.000000 0.010000 -0.000000 0.000000
  0.000000 0.000000 0.010000 0.000000
  -0.000010 1.091934 -0.022260 1.000000
  InverseBindPose=
  1.000000 0.000000 0.000000 0.000000
  0.000000 1.000000 0.000000 0.000000
  0.000000 -0.000000 1.000000 0.000000
  -0.000977 -109.193390 2.225993 1.000000
  BoneTransform=
  0.010000 0.000000 0.000000 0.000000
  0.000000 -0.010000 -0.000000 0.000000
  0.000000 0.000000 -0.010000 0.000000
  -0.000010 0.303496 0.005170 1.000000
  SkinningMatrix=
  0.010000 0.000000 0.000000 0.000000
  0.000000 -0.010000 -0.000000 0.000000
  0.000000 0.000000 -0.010000 0.000000
  -0.000020 1.395429 -0.017090 1.000000

- index=5, name=mixamorig:Head, parentIndex=-1
  BindPose=
  -0.010000 0.000000 0.000000 0.000000
  -0.000000 0.010000 -0.000000 0.000000
  0.000000 0.000000 0.010000 0.000000
  -0.000010 1.177725 -0.021118 1.000000
  InverseBindPose=
  1.000000 0.000000 0.000000 0.000000
  0.000000 1.000000 0.000000 0.000000
  0.000000 -0.000000 1.000000 0.000000
  -0.000977 -117.772499 2.111826 1.000000
  BoneTransform=
  0.010000 0.000000 0.000000 0.000000
  0.000000 -0.010000 -0.000000 0.000000
  0.000000 0.000000 -0.010000 0.000000
  -0.000010 0.217705 0.004028 1.000000
  SkinningMatrix=
  0.010000 0.000000 0.000000 0.000000
  0.000000 -0.010000 -0.000000 0.000000
  0.000000 0.000000 -0.010000 0.000000
  -0.000020 1.395429 -0.017090 1.000000

- index=6, name=mixamorig:HeadTop_End, parentIndex=-1
  BindPose=
  -0.010000 0.000000 0.000000 0.000000
  -0.000000 0.010000 -0.000000 0.000000
  0.000000 0.000000 0.010000 0.000000
  -0.000010 1.428617 -0.017780 1.000000
  InverseBindPose=
  1.000000 0.000000 0.000000 0.000000
  0.000000 1.000000 0.000000 0.000000
  0.000000 -0.000000 1.000000 0.000000
  -0.000977 -142.861649 1.777952 1.000000
  BoneTransform=
  0.010000 0.000000 0.000000 0.000000
  0.000000 -0.010000 -0.000000 0.000000
  0.000000 0.000000 -0.010000 0.000000
  -0.000010 -0.033187 0.000689 1.000000
  SkinningMatrix=
  0.010000 0.000000 0.000000 0.000000
  0.000000 -0.010000 -0.000000 0.000000
  0.000000 0.000000 -0.010000 0.000000
  -0.000020 1.395429 -0.017090 1.000000

- index=7, name=mixamorig:LeftShoulder, parentIndex=-1
  BindPose=
  0.000131 -0.000415 -0.009991 0.000000
  -0.009717 -0.002361 -0.000030 0.000000
  0.002358 -0.009708 0.000434 0.000000
  -0.042251 1.081437 -0.022392 1.000000
  InverseBindPose=
  -0.013144 0.971719 -0.235776 0.000000
  -0.041484 -0.236123 -0.970837 0.000000
  -0.999053 -0.002980 0.043414 0.000000
  2.304642 21.422956 106.083267 1.000000
  BoneTransform=
  -0.000131 0.000415 0.009991 0.000000
  0.009717 0.002361 0.000030 0.000000
  -0.002358 0.009708 -0.000434 0.000000
  0.042231 0.313993 0.005302 1.000000
  SkinningMatrix=
  0.010000 -0.000000 -0.000000 0.000000
  -0.000000 -0.010000 0.000000 0.000000
  -0.000000 0.000000 -0.010000 0.000000
  -0.000020 1.395429 -0.017090 1.000000

- index=8, name=mixamorig:LeftArm, parentIndex=-1
  BindPose=
  -0.000206 -0.000497 -0.009986 0.000000
  -0.009998 -0.000048 0.000209 0.000000
  0.000059 -0.009988 0.000495 0.000000
  -0.128355 1.060514 -0.022656 1.000000
  InverseBindPose=
  0.020607 0.999771 -0.005851 0.000000
  -0.049658 -0.004822 -0.998755 0.000000
  -0.998554 0.020872 0.049547 0.000000
  2.739475 -12.273864 106.106644 1.000000
  BoneTransform=
  0.000206 0.000497 0.009986 0.000000
  0.009998 0.000048 -0.000209 0.000000
  -0.000059 0.009988 -0.000495 0.000000
  0.128335 0.334916 0.005566 1.000000
  SkinningMatrix=
  0.010000 0.000000 0.000000 0.000000
  0.000000 -0.010000 0.000000 0.000000
  0.000000 -0.000000 -0.010000 0.000000
  -0.000020 1.395429 -0.017090 1.000000

- index=9, name=mixamorig:LeftForeArm, parentIndex=-1
  BindPose=
  -0.000435 -0.000498 -0.009978 0.000000
  -0.009989 0.000213 0.000425 0.000000
  -0.000191 -0.009985 0.000506 0.000000
  -0.318063 1.059599 -0.018696 1.000000
  InverseBindPose=
  0.043532 0.998869 0.019099 0.000000
  -0.049756 0.021261 -0.998535 0.000000
  -0.997812 0.042518 0.050625 0.000000
  2.022039 -33.943691 105.291809 1.000000
  BoneTransform=
  0.000435 0.000498 0.009978 0.000000
  0.009989 -0.000213 -0.000425 0.000000
  0.000191 0.009985 -0.000506 0.000000
  0.318044 0.335831 0.001605 1.000000
  SkinningMatrix=
  0.010000 0.000000 0.000000 0.000000
  0.000000 -0.010000 0.000000 0.000000
  0.000000 -0.000000 -0.010000 0.000000
  -0.000020 1.395429 -0.017090 1.000000

- index=10, name=mixamorig:LeftHand, parentIndex=-1
  BindPose=
  0.000032 -0.000007 -0.010000 0.000000
  -0.009989 0.000462 -0.000033 0.000000
  -0.000462 -0.009989 0.000005 0.000000
  -0.516798 1.063829 -0.010236 1.000000
  InverseBindPose=
  -0.003250 0.998929 0.046153 0.000000
  -0.000681 0.046151 -0.998934 0.000000
  -0.999995 -0.003278 0.000530 0.000000
  -0.783258 -56.537483 103.884888 1.000000
  BoneTransform=
  -0.000032 0.000007 0.010000 0.000000
  0.009989 -0.000462 0.000033 0.000000
  0.000462 0.009989 -0.000005 0.000000
  0.516779 0.331601 -0.006854 1.000000
  SkinningMatrix=
  0.010000 0.000000 0.000000 0.000000
  0.000000 -0.010000 0.000000 0.000000
  0.000000 -0.000000 -0.010000 0.000000
  -0.000020 1.395429 -0.017090 1.000000

- index=11, name=mixamorig:LeftHandThumb1, parentIndex=-1
  BindPose=
  -0.005897 0.000268 -0.008071 0.000000
  -0.007639 -0.003427 0.005468 0.000000
  0.002620 -0.009390 -0.002226 0.000000
  -0.538814 1.052750 0.010589 1.000000
  InverseBindPose=
  0.589745 0.763915 -0.261981 0.000000
  0.026819 -0.342745 -0.939045 0.000000
  -0.807144 0.546772 -0.222620 0.000000
  -33.745026 -5.657315 113.209602 1.000000
  BoneTransform=
  0.005897 -0.000268 0.008071 0.000000
  0.007639 0.003427 -0.005468 0.000000
  -0.002620 0.009390 0.002226 0.000000
  0.538795 0.342680 -0.027679 1.000000
  SkinningMatrix=
  0.010000 0.000000 0.000000 0.000000
  0.000000 -0.010000 0.000000 0.000000
  0.000000 -0.000000 -0.010000 0.000000
  -0.000020 1.395429 -0.017090 1.000000

- index=12, name=mixamorig:LeftHandThumb2, parentIndex=-1
  BindPose=
  -0.005897 0.000268 -0.008071 0.000000
  -0.007712 -0.003153 0.005530 0.000000
  0.002397 -0.009486 -0.002066 0.000000
  -0.556427 1.043886 0.027249 1.000000
  InverseBindPose=
  0.589745 0.771205 -0.239673 0.000000
  0.026819 -0.315314 -0.948608 0.000000
  -0.807144 0.553009 -0.206638 0.000000
  -33.415257 -11.503588 112.923019 1.000000
  BoneTransform=
  0.005897 -0.000268 0.008071 0.000000
  0.007712 0.003153 -0.005530 0.000000
  -0.002397 0.009486 0.002066 0.000000
  0.556407 0.351543 -0.044339 1.000000
  SkinningMatrix=
  0.010000 0.000000 0.000000 0.000000
  0.000000 -0.010000 0.000000 0.000000
  0.000000 -0.000000 -0.010000 0.000000
  -0.000020 1.395429 -0.017090 1.000000

- index=13, name=mixamorig:LeftHandThumb3, parentIndex=-1
  BindPose=
  -0.005897 0.000268 -0.008071 0.000000
  -0.007489 -0.003923 0.005341 0.000000
  0.003023 -0.009194 -0.002514 0.000000
  -0.577912 1.035308 0.041709 1.000000
  InverseBindPose=
  0.589745 0.748870 -0.302314 0.000000
  0.026819 -0.392296 -0.919448 0.000000
  -0.807144 0.534132 -0.251438 0.000000
  -33.492172 -4.891304 113.711029 1.000000
  BoneTransform=
  0.005897 -0.000268 0.008071 0.000000
  0.007489 0.003923 -0.005341 0.000000
  -0.003023 0.009194 0.002514 0.000000
  0.577893 0.360122 -0.058800 1.000000
  SkinningMatrix=
  0.010000 0.000000 0.000000 0.000000
  0.000000 -0.010000 0.000000 0.000000
  0.000000 -0.000000 -0.010000 0.000000
  -0.000020 1.395429 -0.017090 1.000000

- index=14, name=mixamorig:LeftHandThumb4, parentIndex=-1
  BindPose=
  -0.005897 0.000268 -0.008071 0.000000
  -0.007489 -0.003923 0.005341 0.000000
  0.003023 -0.009194 -0.002514 0.000000
  -0.596161 1.026598 0.051620 1.000000
  InverseBindPose=
  0.589745 0.748870 -0.302314 0.000000
  0.026819 -0.392295 -0.919448 0.000000
  -0.807144 0.534132 -0.251438 0.000000
  -33.745026 -7.128943 113.711029 1.000000
  BoneTransform=
  0.005897 -0.000268 0.008071 0.000000
  0.007489 0.003923 -0.005341 0.000000
  -0.003023 0.009194 0.002514 0.000000
  0.596141 0.368832 -0.068711 1.000000
  SkinningMatrix=
  0.010000 0.000000 0.000000 0.000000
  0.000000 -0.010000 0.000000 0.000000
  0.000000 -0.000000 -0.010000 0.000000
  -0.000020 1.395429 -0.017090 1.000000

- index=15, name=mixamorig:LeftHandIndex1, parentIndex=-1
  BindPose=
  -0.000687 0.000026 -0.009976 0.000000
  -0.009973 -0.000256 0.000686 0.000000
  0.000254 -0.009997 -0.000044 0.000000
  -0.586245 1.066754 0.015397 1.000000
  InverseBindPose=
  0.068654 0.997317 -0.025389 0.000000
  0.002643 -0.025631 -0.999668 0.000000
  -0.997637 0.068564 -0.004395 0.000000
  -2.770664 -55.838562 108.135193 1.000000
  BoneTransform=
  0.000687 -0.000026 0.009976 0.000000
  0.009973 0.000256 -0.000686 0.000000
  -0.000254 0.009997 0.000044 0.000000
  0.586225 0.328676 -0.032487 1.000000
  SkinningMatrix=
  0.010000 0.000000 0.000000 0.000000
  0.000000 -0.010000 0.000000 0.000000
  0.000000 -0.000000 -0.010000 0.000000
  -0.000020 1.395429 -0.017090 1.000000

- index=16, name=mixamorig:LeftHandIndex2, parentIndex=-1
  BindPose=
  -0.000687 0.000026 -0.009976 0.000000
  -0.009976 -0.000028 0.000686 0.000000
  0.000026 -0.010000 -0.000028 0.000000
  -0.614618 1.066025 0.017337 1.000000
  InverseBindPose=
  0.068654 0.997637 -0.002625 0.000000
  0.002643 -0.002813 -0.999993 0.000000
  -0.997637 0.068646 -0.002830 0.000000
  -2.771671 -61.135746 106.767906 1.000000
  BoneTransform=
  0.000687 -0.000026 0.009976 0.000000
  0.009976 0.000028 -0.000686 0.000000
  -0.000026 0.010000 0.000028 0.000000
  0.614598 0.329405 -0.034427 1.000000
  SkinningMatrix=
  0.010000 0.000000 0.000000 0.000000
  0.000000 -0.010000 0.000000 0.000000
  0.000000 -0.000000 -0.010000 0.000000
  -0.000020 1.395429 -0.017090 1.000000

- index=17, name=mixamorig:LeftHandIndex3, parentIndex=-1
  BindPose=
  -0.000687 0.000026 -0.009976 0.000000
  -0.009975 -0.000163 0.000686 0.000000
  0.000160 -0.009999 -0.000038 0.000000
  -0.641209 1.065950 0.019180 1.000000
  InverseBindPose=
  0.068654 0.997512 -0.016040 0.000000
  0.002643 -0.016259 -0.999864 0.000000
  -0.997637 0.068602 -0.003752 0.000000
  -2.770368 -62.359749 107.616196 1.000000
  BoneTransform=
  0.000687 -0.000026 0.009976 0.000000
  0.009975 0.000163 -0.000686 0.000000
  -0.000160 0.009999 0.000038 0.000000
  0.641189 0.329480 -0.036270 1.000000
  SkinningMatrix=
  0.010000 0.000000 0.000000 0.000000
  0.000000 -0.010000 0.000000 0.000000
  0.000000 -0.000000 -0.010000 0.000000
  -0.000020 1.395429 -0.017090 1.000000

- index=18, name=mixamorig:LeftHandIndex4, parentIndex=-1
  BindPose=
  -0.000687 0.000026 -0.009976 0.000000
  -0.009975 -0.000163 0.000686 0.000000
  0.000160 -0.009999 -0.000038 0.000000
  -0.664126 1.065576 0.020753 1.000000
  InverseBindPose=
  0.068654 0.997512 -0.016040 0.000000
  0.002643 -0.016259 -0.999864 0.000000
  -0.997637 0.068602 -0.003752 0.000000
  -2.770664 -64.657188 107.616196 1.000000
  BoneTransform=
  0.000687 -0.000026 0.009976 0.000000
  0.009975 0.000163 -0.000686 0.000000
  -0.000160 0.009999 0.000038 0.000000
  0.664107 0.329853 -0.037843 1.000000
  SkinningMatrix=
  0.010000 -0.000000 0.000000 0.000000
  -0.000000 -0.010000 0.000000 0.000000
  0.000000 -0.000000 -0.010000 0.000000
  -0.000020 1.395429 -0.017090 1.000000

- index=19, name=mixamorig:LeftHandMiddle1, parentIndex=-1
  BindPose=
  0.000064 -0.000008 -0.010000 0.000000
  -0.009987 0.000500 -0.000065 0.000000
  -0.000500 -0.009987 0.000005 0.000000
  -0.584973 1.068085 -0.002310 1.000000
  InverseBindPose=
  -0.006423 0.998727 0.050035 0.000000
  -0.000827 0.050030 -0.998747 0.000000
  -0.999979 -0.006456 0.000505 0.000000
  0.233014 -63.767925 103.747902 1.000000
  BoneTransform=
  -0.000064 0.000008 0.010000 0.000000
  0.009987 -0.000500 0.000065 0.000000
  0.000500 0.009987 -0.000005 0.000000
  0.584953 0.327345 -0.014780 1.000000
  SkinningMatrix=
  0.010000 0.000000 0.000000 0.000000
  0.000000 -0.010000 0.000000 0.000000
  0.000000 -0.000000 -0.010000 0.000000
  -0.000020 1.395429 -0.017090 1.000000

- index=20, name=mixamorig:LeftHandMiddle2, parentIndex=-1
  BindPose=
  0.000064 -0.000008 -0.010000 0.000000
  -0.009995 -0.000324 -0.000064 0.000000
  0.000324 -0.009995 0.000010 0.000000
  -0.617500 1.069714 -0.002403 1.000000
  InverseBindPose=
  -0.006423 0.999456 -0.032359 0.000000
  -0.000827 -0.032365 -0.999476 0.000000
  -0.999979 -0.006392 0.001035 0.000000
  0.244739 -58.255733 108.913765 1.000000
  BoneTransform=
  -0.000064 0.000008 0.010000 0.000000
  0.009995 0.000324 0.000064 0.000000
  -0.000324 0.009995 -0.000010 0.000000
  0.617480 0.325715 -0.014687 1.000000
  SkinningMatrix=
  0.010000 0.000000 0.000000 0.000000
  0.000000 -0.010000 0.000000 0.000000
  0.000000 -0.000000 -0.010000 0.000000
  -0.000020 1.395429 -0.017090 1.000000

- index=21, name=mixamorig:LeftHandMiddle3, parentIndex=-1
  BindPose=
  0.000064 -0.000008 -0.010000 0.000000
  -0.009890 -0.001480 -0.000062 0.000000
  0.001480 -0.009890 0.000018 0.000000
  -0.649261 1.068686 -0.002599 1.000000
  InverseBindPose=
  -0.006423 0.988962 -0.148028 0.000000
  -0.000827 -0.148037 -0.988982 0.000000
  -0.999979 -0.006229 0.001769 0.000000
  0.245445 -48.390663 115.302399 1.000000
  BoneTransform=
  -0.000064 0.000008 0.010000 0.000000
  0.009890 0.001480 0.000062 0.000000
  -0.001480 0.009890 -0.000018 0.000000
  0.649242 0.326744 -0.014491 1.000000
  SkinningMatrix=
  0.010000 0.000000 0.000000 0.000000
  0.000000 -0.010000 0.000000 0.000000
  0.000000 -0.000000 -0.010000 0.000000
  -0.000020 1.395429 -0.017090 1.000000

- index=22, name=mixamorig:LeftHandMiddle4, parentIndex=-1
  BindPose=
  0.000064 -0.000008 -0.010000 0.000000
  -0.009890 -0.001480 -0.000062 0.000000
  0.001480 -0.009890 0.000018 0.000000
  -0.675914 1.064696 -0.002892 1.000000
  InverseBindPose=
  -0.006423 0.988962 -0.148028 0.000000
  -0.000827 -0.148037 -0.988982 0.000000
  -0.999979 -0.006229 0.001769 0.000000
  0.233014 -51.085789 115.302399 1.000000
  BoneTransform=
  -0.000064 0.000008 0.010000 0.000000
  0.009890 0.001480 0.000062 0.000000
  -0.001480 0.009890 -0.000018 0.000000
  0.675895 0.330734 -0.014199 1.000000
  SkinningMatrix=
  0.010000 0.000000 0.000000 0.000000
  0.000000 -0.010000 0.000000 0.000000
  0.000000 -0.000000 -0.010000 0.000000
  -0.000020 1.395429 -0.017090 1.000000

- index=23, name=mixamorig:LeftHandRing1, parentIndex=-1
  BindPose=
  0.000927 -0.000048 -0.009957 0.000000
  -0.009919 0.000872 -0.000927 0.000000
  -0.000873 -0.009962 -0.000033 0.000000
  -0.584473 1.067181 -0.019446 1.000000
  InverseBindPose=
  -0.092652 0.991863 0.087312 0.000000
  -0.004809 0.087243 -0.996175 0.000000
  -0.995687 -0.092717 -0.003313 0.000000
  3.992175 -67.462418 101.200333 1.000000
  BoneTransform=
  -0.000927 0.000048 0.009957 0.000000
  0.009919 -0.000872 0.000927 0.000000
  0.000873 0.009962 0.000033 0.000000
  0.584454 0.328249 0.002356 1.000000
  SkinningMatrix=
  0.010000 0.000000 0.000000 0.000000
  0.000000 -0.010000 0.000000 0.000000
  0.000000 -0.000000 -0.010000 0.000000
  -0.000020 1.395429 -0.017090 1.000000

- index=24, name=mixamorig:LeftHandRing2, parentIndex=-1
  BindPose=
  0.000927 -0.000048 -0.009957 0.000000
  -0.009952 0.000317 -0.000928 0.000000
  -0.000320 -0.009995 0.000018 0.000000
  -0.613817 1.069762 -0.022149 1.000000
  InverseBindPose=
  -0.092652 0.995183 0.032030 0.000000
  -0.004809 0.031721 -0.999485 0.000000
  -0.995687 -0.092758 0.001847 0.000000
  3.996204 -64.684814 104.959145 1.000000
  BoneTransform=
  -0.000927 0.000048 0.009957 0.000000
  0.009952 -0.000317 0.000928 0.000000
  0.000320 0.009995 -0.000018 0.000000
  0.613797 0.325668 0.005059 1.000000
  SkinningMatrix=
  0.010000 0.000000 0.000000 0.000000
  0.000000 -0.010000 0.000000 0.000000
  0.000000 -0.000000 -0.010000 0.000000
  -0.000020 1.395429 -0.017090 1.000000

- index=25, name=mixamorig:LeftHandRing3, parentIndex=-1
  BindPose=
  0.000927 -0.000048 -0.009957 0.000000
  -0.009949 0.000384 -0.000928 0.000000
  -0.000386 -0.009993 0.000012 0.000000
  -0.641251 1.070636 -0.024731 1.000000
  InverseBindPose=
  -0.092652 0.994949 0.038637 0.000000
  -0.004809 0.038356 -0.999253 0.000000
  -0.995687 -0.092768 0.001231 0.000000
  3.993711 -68.137146 104.509048 1.000000
  BoneTransform=
  -0.000927 0.000048 0.009957 0.000000
  0.009949 -0.000384 0.000928 0.000000
  0.000386 0.009993 -0.000012 0.000000
  0.641232 0.324793 0.007641 1.000000
  SkinningMatrix=
  0.010000 0.000000 0.000000 0.000000
  0.000000 -0.010000 0.000000 0.000000
  0.000000 -0.000000 -0.010000 0.000000
  -0.000020 1.395429 -0.017090 1.000000

- index=26, name=mixamorig:LeftHandRing4, parentIndex=-1
  BindPose=
  0.000927 -0.000048 -0.009957 0.000000
  -0.009949 0.000384 -0.000928 0.000000
  -0.000386 -0.009993 0.000012 0.000000
  -0.664478 1.071532 -0.026912 1.000000
  InverseBindPose=
  -0.092652 0.994949 0.038637 0.000000
  -0.004809 0.038356 -0.999253 0.000000
  -0.995687 -0.092768 0.001231 0.000000
  3.992175 -70.471725 104.509048 1.000000
  BoneTransform=
  -0.000927 0.000048 0.009957 0.000000
  0.009949 -0.000384 0.000928 0.000000
  0.000386 0.009993 -0.000012 0.000000
  0.664458 0.323898 0.009822 1.000000
  SkinningMatrix=
  0.010000 0.000000 0.000000 0.000000
  0.000000 -0.010000 0.000000 0.000000
  0.000000 -0.000000 -0.010000 0.000000
  -0.000020 1.395429 -0.017090 1.000000

- index=27, name=mixamorig:LeftHandPinky1, parentIndex=-1
  BindPose=
  0.000832 -0.000044 -0.009965 0.000000
  -0.009960 0.000313 -0.000833 0.000000
  -0.000316 -0.009995 0.000017 0.000000
  -0.580597 1.065887 -0.035467 1.000000
  InverseBindPose=
  -0.083242 0.996028 0.031604 0.000000
  -0.004375 0.031349 -0.999499 0.000000
  -0.996520 -0.083338 0.001748 0.000000
  1.764885 -61.466080 104.706604 1.000000
  BoneTransform=
  -0.000832 0.000044 0.009965 0.000000
  0.009960 -0.000313 0.000833 0.000000
  0.000316 0.009995 -0.000017 0.000000
  0.580577 0.329542 0.018377 1.000000
  SkinningMatrix=
  0.010000 0.000000 0.000000 0.000000
  0.000000 -0.010000 0.000000 0.000000
  0.000000 -0.000000 -0.010000 0.000000
  -0.000020 1.395429 -0.017090 1.000000

- index=28, name=mixamorig:LeftHandPinky2, parentIndex=-1
  BindPose=
  0.000832 -0.000044 -0.009965 0.000000
  -0.009964 0.000176 -0.000833 0.000000
  -0.000179 -0.009998 0.000029 0.000000
  -0.606727 1.066710 -0.037686 1.000000
  InverseBindPose=
  -0.083242 0.996368 0.017931 0.000000
  -0.004375 0.017628 -0.999835 0.000000
  -0.996520 -0.083306 0.002891 0.000000
  1.761688 -62.646664 105.576378 1.000000
  BoneTransform=
  -0.000832 0.000044 0.009965 0.000000
  0.009964 -0.000176 0.000833 0.000000
  0.000179 0.009998 -0.000029 0.000000
  0.606708 0.328720 0.020595 1.000000
  SkinningMatrix=
  0.010000 0.000000 0.000000 0.000000
  0.000000 -0.010000 0.000000 0.000000
  0.000000 -0.000000 -0.010000 0.000000
  -0.000020 1.395429 -0.017090 1.000000

- index=29, name=mixamorig:LeftHandPinky3, parentIndex=-1
  BindPose=
  0.000832 -0.000044 -0.009965 0.000000
  -0.009843 0.001556 -0.000829 0.000000
  -0.001554 -0.009878 -0.000086 0.000000
  -0.627967 1.067086 -0.039500 1.000000
  InverseBindPose=
  -0.083242 0.984331 0.155443 0.000000
  -0.004375 0.155622 -0.987807 0.000000
  -0.996520 -0.082907 -0.008648 0.000000
  1.757808 -78.746513 95.611946 1.000000
  BoneTransform=
  -0.000832 0.000044 0.009965 0.000000
  0.009843 -0.001556 0.000829 0.000000
  0.001554 0.009878 0.000086 0.000000
  0.627948 0.328344 0.022410 1.000000
  SkinningMatrix=
  0.010000 0.000000 0.000000 0.000000
  0.000000 -0.010000 0.000000 0.000000
  0.000000 -0.000000 -0.010000 0.000000
  -0.000020 1.395429 -0.017090 1.000000

- index=30, name=mixamorig:LeftHandPinky4, parentIndex=-1
  BindPose=
  0.000832 -0.000044 -0.009965 0.000000
  -0.009843 0.001556 -0.000829 0.000000
  -0.001554 -0.009878 -0.000086 0.000000
  -0.645625 1.069876 -0.040917 1.000000
  InverseBindPose=
  -0.083242 0.984331 0.155443 0.000000
  -0.004375 0.155622 -0.987807 0.000000
  -0.996520 -0.082907 -0.008648 0.000000
  1.764885 -80.539742 95.611946 1.000000
  BoneTransform=
  -0.000832 0.000044 0.009965 0.000000
  0.009843 -0.001556 0.000829 0.000000
  0.001554 0.009878 0.000086 0.000000
  0.645605 0.325553 0.023826 1.000000
  SkinningMatrix=
  0.010000 0.000000 0.000000 0.000000
  0.000000 -0.010000 0.000000 0.000000
  0.000000 -0.000000 -0.010000 0.000000
  -0.000020 1.395429 -0.017090 1.000000

- index=31, name=mixamorig:RightShoulder, parentIndex=-1
  BindPose=
  0.000070 0.000414 0.009991 0.000000
  0.009717 -0.002361 0.000030 0.000000
  -0.002360 -0.009708 0.000419 0.000000
  0.042231 1.081437 -0.022128 1.000000
  InverseBindPose=
  -0.007005 -0.971719 0.236037 0.000000
  0.041436 -0.236122 -0.970839 0.000000
  0.999117 0.002980 0.041918 0.000000
  -2.299797 21.438059 106.079689 1.000000
  BoneTransform=
  -0.000070 -0.000414 -0.009991 0.000000
  -0.009717 0.002361 -0.000030 0.000000
  0.002360 0.009708 -0.000419 0.000000
  -0.042251 0.313993 0.005038 1.000000
  SkinningMatrix=
  0.010000 0.000000 0.000000 0.000000
  0.000000 -0.010000 0.000000 0.000000
  0.000000 0.000000 -0.010000 0.000000
  -0.000020 1.395429 -0.017090 1.000000

- index=32, name=mixamorig:RightArm, parentIndex=-1
  BindPose=
  -0.000160 0.000470 0.009988 0.000000
  0.009999 -0.000048 0.000163 0.000000
  -0.000056 -0.009989 0.000469 0.000000
  0.128335 1.060514 -0.021864 1.000000
  InverseBindPose=
  0.016027 -0.999856 0.005581 0.000000
  0.047021 -0.004822 -0.998882 0.000000
  0.998765 0.016272 0.046937 0.000000
  -2.597227 -12.284741 106.107071 1.000000
  BoneTransform=
  0.000160 -0.000470 -0.009988 0.000000
  -0.009999 0.000048 -0.000163 0.000000
  0.000056 0.009989 -0.000469 0.000000
  -0.128355 0.334916 0.004774 1.000000
  SkinningMatrix=
  0.010000 0.000000 0.000000 0.000000
  0.000000 -0.010000 -0.000000 0.000000
  0.000000 0.000000 -0.010000 0.000000
  -0.000020 1.395429 -0.017090 1.000000

- index=33, name=mixamorig:RightForeArm, parentIndex=-1
  BindPose=
  -0.000461 0.000471 0.009978 0.000000
  0.009988 0.000213 0.000452 0.000000
  0.000191 -0.009987 0.000481 0.000000
  0.318044 1.059599 -0.018777 1.000000
  InverseBindPose=
  0.046126 -0.998753 -0.019084 0.000000
  0.047144 0.021259 -0.998662 0.000000
  0.997823 0.045164 0.048066 0.000000
  -1.654853 -33.932537 105.301392 1.000000
  BoneTransform=
  0.000461 -0.000471 -0.009978 0.000000
  -0.009988 -0.000213 -0.000452 0.000000
  -0.000191 0.009987 -0.000481 0.000000
  -0.318063 0.335831 0.001686 1.000000
  SkinningMatrix=
  0.010000 0.000000 0.000000 0.000000
  0.000000 -0.010000 -0.000000 0.000000
  0.000000 0.000000 -0.010000 0.000000
  -0.000020 1.395429 -0.017090 1.000000

- index=34, name=mixamorig:RightHand, parentIndex=-1
  BindPose=
  0.000070 0.000032 0.010000 0.000000
  0.009990 0.000446 -0.000071 0.000000
  0.000446 -0.009990 0.000028 0.000000
  0.516779 1.063829 -0.009790 1.000000
  InverseBindPose=
  -0.007004 -0.998980 -0.044615 0.000000
  0.003152 0.044593 -0.999000 0.000000
  0.999970 -0.007137 0.002837 0.000000
  0.281661 -56.376133 103.973732 1.000000
  BoneTransform=
  -0.000070 -0.000032 -0.010000 0.000000
  -0.009990 -0.000446 0.000071 0.000000
  -0.000446 0.009990 -0.000028 0.000000
  -0.516798 0.331601 -0.007301 1.000000
  SkinningMatrix=
  0.010000 0.000000 0.000000 0.000000
  0.000000 -0.010000 -0.000000 0.000000
  0.000000 0.000000 -0.010000 0.000000
  -0.000020 1.395429 -0.017090 1.000000

- index=35, name=mixamorig:RightHandThumb1, parentIndex=-1
  BindPose=
  -0.005986 -0.000245 0.008006 0.000000
  0.007547 -0.003520 0.005536 0.000000
  -0.002683 -0.009357 -0.002292 0.000000
  0.538932 1.052454 0.010712 1.000000
  InverseBindPose=
  0.598643 -0.754738 0.268322 0.000000
  -0.024462 -0.352046 -0.935663 0.000000
  0.800642 0.553565 -0.229212 0.000000
  33.979656 -4.217003 113.180458 1.000000
  BoneTransform=
  0.005986 0.000245 -0.008006 0.000000
  -0.007547 0.003520 -0.005536 0.000000
  0.002683 0.009357 0.002292 0.000000
  -0.538952 0.342976 -0.027802 1.000000
  SkinningMatrix=
  0.010000 -0.000000 0.000000 0.000000
  -0.000000 -0.010000 -0.000000 0.000000
  0.000000 0.000000 -0.010000 0.000000
  -0.000020 1.395429 -0.017090 1.000000

- index=36, name=mixamorig:RightHandThumb2, parentIndex=-1
  BindPose=
  -0.005986 -0.000245 0.008006 0.000000
  0.007687 -0.002987 0.005656 0.000000
  -0.002253 -0.009540 -0.001976 0.000000
  0.556655 1.043354 0.027113 1.000000
  InverseBindPose=
  0.598643 -0.768681 0.225290 0.000000
  -0.024462 -0.298668 -0.954044 0.000000
  0.800642 0.565621 -0.197599 0.000000
  33.705208 -13.160980 112.617104 1.000000
  BoneTransform=
  0.005986 0.000245 -0.008006 0.000000
  -0.007687 0.002987 -0.005656 0.000000
  0.002253 0.009540 0.001976 0.000000
  -0.556674 0.352076 -0.044203 1.000000
  SkinningMatrix=
  0.010000 -0.000000 0.000000 0.000000
  -0.000000 -0.010000 -0.000000 0.000000
  0.000000 0.000000 -0.010000 0.000000
  -0.000020 1.395429 -0.017090 1.000000

- index=37, name=mixamorig:RightHandThumb3, parentIndex=-1
  BindPose=
  -0.005986 -0.000245 0.008006 0.000000
  0.007497 -0.003690 0.005493 0.000000
  -0.002820 -0.009291 -0.002392 0.000000
  0.578101 1.035218 0.041941 1.000000
  InverseBindPose=
  0.598643 -0.749733 0.282006 0.000000
  -0.024462 -0.369007 -0.929105 0.000000
  0.800642 0.549304 -0.239243 0.000000
  33.781925 -7.445694 113.488785 1.000000
  BoneTransform=
  0.005986 0.000245 -0.008006 0.000000
  -0.007497 0.003690 -0.005493 0.000000
  0.002820 0.009291 0.002392 0.000000
  -0.578120 0.360211 -0.059032 1.000000
  SkinningMatrix=
  0.010000 -0.000000 0.000000 0.000000
  -0.000000 -0.010000 -0.000000 0.000000
  0.000000 0.000000 -0.010000 0.000000
  -0.000020 1.395429 -0.017090 1.000000

- index=38, name=mixamorig:RightHandThumb4, parentIndex=-1
  BindPose=
  -0.005986 -0.000245 0.008006 0.000000
  0.007497 -0.003690 0.005493 0.000000
  -0.002820 -0.009291 -0.002392 0.000000
  0.596110 1.026985 0.052686 1.000000
  InverseBindPose=
  0.598643 -0.749733 0.282006 0.000000
  -0.024462 -0.369007 -0.929105 0.000000
  0.800642 0.549304 -0.239243 0.000000
  33.979656 -9.689953 113.488785 1.000000
  BoneTransform=
  0.005986 0.000245 -0.008006 0.000000
  -0.007497 0.003690 -0.005493 0.000000
  0.002820 0.009291 0.002392 0.000000
  -0.596130 0.368445 -0.069776 1.000000
  SkinningMatrix=
  0.010000 0.000000 0.000000 0.000000
  0.000000 -0.010000 0.000000 0.000000
  0.000000 -0.000000 -0.010000 0.000000
  -0.000020 1.395430 -0.017090 1.000000

- index=39, name=mixamorig:RightHandIndex1, parentIndex=-1
  BindPose=
  -0.000723 -0.000004 0.009974 0.000000
  0.009971 -0.000236 0.000723 0.000000
  -0.000235 -0.009997 -0.000021 0.000000
  0.587448 1.066547 0.015407 1.000000
  InverseBindPose=
  0.072342 -0.997104 0.023475 0.000000
  -0.000399 -0.023565 -0.999722 0.000000
  0.997380 0.072312 -0.002102 0.000000
  2.755556 -56.172649 108.007324 1.000000
  BoneTransform=
  0.000723 0.000004 -0.009974 0.000000
  -0.009971 0.000236 -0.000723 0.000000
  0.000235 0.009997 0.000021 0.000000
  -0.587467 0.328883 -0.032497 1.000000
  SkinningMatrix=
  0.010000 0.000000 0.000000 0.000000
  0.000000 -0.010000 -0.000000 0.000000
  0.000000 0.000000 -0.010000 0.000000
  -0.000020 1.395429 -0.017090 1.000000

- index=40, name=mixamorig:RightHandIndex2, parentIndex=-1
  BindPose=
  -0.000723 -0.000004 0.009974 0.000000
  0.009974 0.000001 0.000723 0.000000
  0.000001 -0.010000 -0.000004 0.000000
  0.615530 1.065883 0.017429 1.000000
  InverseBindPose=
  0.072342 -0.997380 -0.000127 0.000000
  -0.000399 0.000099 -1.000000 0.000000
  0.997380 0.072342 -0.000391 0.000000
  2.757065 -61.528355 106.581154 1.000000
  BoneTransform=
  0.000723 0.000004 -0.009974 0.000000
  -0.009974 -0.000001 -0.000723 0.000000
  -0.000001 0.010000 0.000004 0.000000
  -0.615550 0.329546 -0.034519 1.000000
  SkinningMatrix=
  0.010000 0.000000 0.000000 0.000000
  0.000000 -0.010000 -0.000000 0.000000
  0.000000 0.000000 -0.010000 0.000000
  -0.000020 1.395429 -0.017090 1.000000

- index=41, name=mixamorig:RightHandIndex3, parentIndex=-1
  BindPose=
  -0.000723 -0.000004 0.009974 0.000000
  0.009974 -0.000053 0.000723 0.000000
  -0.000052 -0.010000 -0.000008 0.000000
  0.641857 1.065886 0.019350 1.000000
  InverseBindPose=
  0.072342 -0.997366 0.005229 0.000000
  -0.000399 -0.005272 -0.999986 0.000000
  0.997380 0.072339 -0.000779 0.000000
  2.755889 -63.594650 106.924248 1.000000
  BoneTransform=
  0.000723 0.000004 -0.009974 0.000000
  -0.009974 0.000053 -0.000723 0.000000
  0.000052 0.010000 0.000008 0.000000
  -0.641876 0.329544 -0.036440 1.000000
  SkinningMatrix=
  0.010000 0.000000 0.000000 0.000000
  0.000000 -0.010000 -0.000000 0.000000
  0.000000 0.000000 -0.010000 0.000000
  -0.000020 1.395429 -0.017090 1.000000

- index=42, name=mixamorig:RightHandIndex4, parentIndex=-1
  BindPose=
  -0.000723 -0.000004 0.009974 0.000000
  0.009974 -0.000053 0.000723 0.000000
  -0.000052 -0.010000 -0.000008 0.000000
  0.664212 1.065768 0.020975 1.000000
  InverseBindPose=
  0.072342 -0.997366 0.005229 0.000000
  -0.000399 -0.005272 -0.999986 0.000000
  0.997380 0.072339 -0.000779 0.000000
  2.755556 -65.836151 106.924248 1.000000
  BoneTransform=
  0.000723 0.000004 -0.009974 0.000000
  -0.009974 0.000053 -0.000723 0.000000
  0.000052 0.010000 0.000008 0.000000
  -0.664232 0.329662 -0.038065 1.000000
  SkinningMatrix=
  0.010000 0.000000 0.000000 0.000000
  0.000000 -0.010000 -0.000000 0.000000
  0.000000 0.000000 -0.010000 0.000000
  -0.000020 1.395429 -0.017090 1.000000

- index=43, name=mixamorig:RightHandMiddle1, parentIndex=-1
  BindPose=
  -0.000125 0.000023 0.009999 0.000000
  0.009979 0.000642 0.000124 0.000000
  0.000642 -0.009979 0.000031 0.000000
  0.586903 1.067886 -0.002638 1.000000
  InverseBindPose=
  0.012543 -0.997858 -0.064198 0.000000
  0.002279 0.064232 -0.997932 0.000000
  0.999919 0.012370 0.003080 0.000000
  0.756579 -65.420502 102.800804 1.000000
  BoneTransform=
  0.000125 -0.000023 -0.009999 0.000000
  -0.009979 -0.000642 -0.000124 0.000000
  -0.000642 0.009979 -0.000031 0.000000
  -0.586922 0.327544 -0.014452 1.000000
  SkinningMatrix=
  0.010000 0.000000 0.000000 0.000000
  0.000000 -0.010000 -0.000000 0.000000
  0.000000 0.000000 -0.010000 0.000000
  -0.000020 1.395429 -0.017090 1.000000

- index=44, name=mixamorig:RightHandMiddle2, parentIndex=-1
  BindPose=
  -0.000125 0.000023 0.009999 0.000000
  0.009983 -0.000560 0.000127 0.000000
  -0.000561 -0.009984 0.000016 0.000000
  0.620232 1.070032 -0.002140 1.000000
  InverseBindPose=
  0.012543 -0.998348 0.056063 0.000000
  0.002279 -0.056039 -0.998426 0.000000
  0.999919 0.012651 0.001572 0.000000
  0.748088 -55.921711 110.312263 1.000000
  BoneTransform=
  0.000125 -0.000023 -0.009999 0.000000
  -0.009983 0.000560 -0.000127 0.000000
  0.000561 0.009984 -0.000016 0.000000
  -0.620251 0.325398 -0.014950 1.000000
  SkinningMatrix=
  0.010000 0.000000 0.000000 0.000000
  0.000000 -0.010000 -0.000000 0.000000
  0.000000 0.000000 -0.010000 0.000000
  -0.000020 1.395429 -0.017090 1.000000

- index=45, name=mixamorig:RightHandMiddle3, parentIndex=-1
  BindPose=
  -0.000125 0.000023 0.009999 0.000000
  0.009999 -0.000011 0.000125 0.000000
  -0.000012 -0.010000 0.000023 0.000000
  0.650749 1.068318 -0.001833 1.000000
  InverseBindPose=
  0.012543 -0.999921 0.001167 0.000000
  0.002279 -0.001138 -0.999997 0.000000
  0.999919 0.012545 0.002265 0.000000
  0.755988 -64.945839 106.907822 1.000000
  BoneTransform=
  0.000125 -0.000023 -0.009999 0.000000
  -0.009999 0.000011 -0.000125 0.000000
  0.000012 0.010000 -0.000023 0.000000
  -0.650768 0.327111 -0.015258 1.000000
  SkinningMatrix=
  0.010000 0.000000 0.000000 0.000000
  0.000000 -0.010000 -0.000000 0.000000
  0.000000 0.000000 -0.010000 0.000000
  -0.000020 1.395429 -0.017090 1.000000

- index=46, name=mixamorig:RightHandMiddle4, parentIndex=-1
  BindPose=
  -0.000125 0.000023 0.009999 0.000000
  0.009999 -0.000011 0.000125 0.000000
  -0.000012 -0.010000 0.000023 0.000000
  0.677142 1.068288 -0.001507 1.000000
  InverseBindPose=
  0.012543 -0.999921 0.001167 0.000000
  0.002279 -0.001138 -0.999997 0.000000
  0.999919 0.012545 0.002265 0.000000
  0.756579 -67.585327 106.907822 1.000000
  BoneTransform=
  0.000125 -0.000023 -0.009999 0.000000
  -0.009999 0.000011 -0.000125 0.000000
  0.000012 0.010000 -0.000023 0.000000
  -0.677161 0.327141 -0.015583 1.000000
  SkinningMatrix=
  0.010000 0.000000 0.000000 0.000000
  0.000000 -0.010000 -0.000000 0.000000
  0.000000 0.000000 -0.010000 0.000000
  -0.000020 1.395430 -0.017090 1.000000

- index=47, name=mixamorig:RightHandRing1, parentIndex=-1
  BindPose=
  0.000824 0.000065 0.009966 0.000000
  0.009963 0.000251 -0.000825 0.000000
  0.000255 -0.009997 0.000044 0.000000
  0.585702 1.068098 -0.019209 1.000000
  InverseBindPose=
  -0.082367 -0.996275 -0.025520 0.000000
  0.006508 0.025069 -0.999665 0.000000
  0.996581 -0.082506 0.004419 0.000000
  -3.605062 -61.188190 105.287697 1.000000
  BoneTransform=
  -0.000824 -0.000065 -0.009966 0.000000
  -0.009963 -0.000251 0.000825 0.000000
  -0.000255 0.009997 -0.000044 0.000000
  -0.585722 0.327332 0.002119 1.000000
  SkinningMatrix=
  0.010000 0.000000 0.000000 0.000000
  0.000000 -0.010000 -0.000000 0.000000
  0.000000 0.000000 -0.010000 0.000000
  -0.000020 1.395429 -0.017090 1.000000

- index=48, name=mixamorig:RightHandRing2, parentIndex=-1
  BindPose=
  0.000824 0.000065 0.009966 0.000000
  0.009941 0.000700 -0.000826 0.000000
  0.000703 -0.009975 0.000007 0.000000
  0.614830 1.068830 -0.021651 1.000000
  InverseBindPose=
  -0.082367 -0.994118 -0.070325 0.000000
  0.006508 0.070027 -0.997524 0.000000
  0.996581 -0.082621 0.000702 0.000000
  -3.602085 -68.784943 102.296120 1.000000
  BoneTransform=
  -0.000824 -0.000065 -0.009966 0.000000
  -0.009941 -0.000700 0.000826 0.000000
  -0.000703 0.009975 -0.000007 0.000000
  -0.614850 0.326599 0.004561 1.000000
  SkinningMatrix=
  0.010000 0.000000 0.000000 0.000000
  0.000000 -0.010000 -0.000000 0.000000
  0.000000 0.000000 -0.010000 0.000000
  -0.000020 1.395429 -0.017090 1.000000

- index=49, name=mixamorig:RightHandRing3, parentIndex=-1
  BindPose=
  0.000824 0.000065 0.009966 0.000000
  0.009952 0.000519 -0.000826 0.000000
  0.000522 -0.009986 0.000022 0.000000
  0.641852 1.070734 -0.023870 1.000000
  InverseBindPose=
  -0.082367 -0.995233 -0.052228 0.000000
  0.006508 0.051868 -0.998633 0.000000
  0.996581 -0.082595 0.002205 0.000000
  -3.604718 -69.630035 103.580009 1.000000
  BoneTransform=
  -0.000824 -0.000065 -0.009966 0.000000
  -0.009952 -0.000519 0.000826 0.000000
  -0.000522 0.009986 -0.000022 0.000000
  -0.641872 0.324696 0.006780 1.000000
  SkinningMatrix=
  0.010000 0.000000 0.000000 0.000000
  0.000000 -0.010000 -0.000000 0.000000
  0.000000 0.000000 -0.010000 0.000000
  -0.000020 1.395429 -0.017090 1.000000

- index=50, name=mixamorig:RightHandRing4, parentIndex=-1
  BindPose=
  0.000824 0.000065 0.009966 0.000000
  0.009952 0.000519 -0.000826 0.000000
  0.000522 -0.009986 0.000022 0.000000
  0.665536 1.071968 -0.025833 1.000000
  InverseBindPose=
  -0.082367 -0.995233 -0.052228 0.000000
  0.006508 0.051868 -0.998633 0.000000
  0.996581 -0.082595 0.002205 0.000000
  -3.605062 -72.009689 103.580009 1.000000
  BoneTransform=
  -0.000824 -0.000065 -0.009966 0.000000
  -0.009952 -0.000519 0.000826 0.000000
  -0.000522 0.009986 -0.000022 0.000000
  -0.665555 0.323461 0.008742 1.000000
  SkinningMatrix=
  0.010000 0.000000 0.000000 0.000000
  0.000000 -0.010000 -0.000000 0.000000
  0.000000 0.000000 -0.010000 0.000000
  -0.000020 1.395429 -0.017090 1.000000

- index=51, name=mixamorig:RightHandPinky1, parentIndex=-1
  BindPose=
  0.001077 0.000076 0.009942 0.000000
  0.009934 0.000395 -0.001079 0.000000
  0.000401 -0.009992 0.000033 0.000000
  0.581134 1.065376 -0.034677 1.000000
  InverseBindPose=
  -0.107718 -0.993374 -0.040068 0.000000
  0.007633 0.039475 -0.999191 0.000000
  0.994152 -0.107937 0.003331 0.000000
  -3.625654 -62.308163 104.134521 1.000000
  BoneTransform=
  -0.001077 -0.000076 -0.009942 0.000000
  -0.009934 -0.000395 0.001079 0.000000
  -0.000401 0.009992 -0.000033 0.000000
  -0.581153 0.330053 0.017587 1.000000
  SkinningMatrix=
  0.010000 0.000000 0.000000 0.000000
  0.000000 -0.010000 -0.000000 0.000000
  0.000000 0.000000 -0.010000 0.000000
  -0.000020 1.395429 -0.017090 1.000000

- index=52, name=mixamorig:RightHandPinky2, parentIndex=-1
  BindPose=
  0.001077 0.000076 0.009942 0.000000
  0.009932 0.000431 -0.001079 0.000000
  0.000437 -0.009990 0.000029 0.000000
  0.607235 1.066413 -0.037540 1.000000
  InverseBindPose=
  -0.107718 -0.993222 -0.043678 0.000000
  0.007633 0.043106 -0.999041 0.000000
  0.994152 -0.107948 0.002938 0.000000
  -3.623016 -65.314056 103.897835 1.000000
  BoneTransform=
  -0.001077 -0.000076 -0.009942 0.000000
  -0.009932 -0.000431 0.001079 0.000000
  -0.000437 0.009990 -0.000029 0.000000
  -0.607255 0.329016 0.020449 1.000000
  SkinningMatrix=
