========================================
SKELETAL MESH DEBUG INFO
========================================

### SKELETON ###
Bone: pelvis
  OffsetMatrix:
    [-3.7998e-07, 1, 1.19844e-05, -0.0011484]
    [0.0633266, 1.19844e-05, -0.997993, 95.5598]
    [-0.997993, 3.79712e-07, -0.0633266, 8.3491]
    [0, 0, 0, 1]
  BindPose (Relative):
    Loc: (0.958968, -8.36717e-13, -0.0228087)
    Rot: (-0.0224006, -0.0224006, 0.706748, 0.706756)
    Scl: (1, 1, 1)
  Bone: spine_01
    OffsetMatrix:
      [-3.61699e-07, 1, 1.20295e-05, -0.0011531]
      [-0.187832, 1.17474e-05, -0.982201, 98.179]
      [-0.982201, -2.61478e-06, 0.187832, -16.6902]
      [0, 0, 0, 1]
    BindPose (Relative):
      Loc: (1.74306e-09, -0.0367705, 1.43049e-08)
      Rot: (0.125827, 7.71642e-09, -2.30373e-08, 0.992052)
      Scl: (1, 1, 1)
    Bone: spine_02
      OffsetMatrix:
        [-3.68344e-07, 1, 1.20206e-05, -0.00115276]
        [-0.128166, 1.18743e-05, -0.991753, 105.79]
        [-0.991753, -1.90594e-06, 0.128166, -10.3195]
        [0, 0, 0, 1]
      BindPose (Relative):
        Loc: (6.16598e-09, -0.0679506, -2.14545e-08)
        Rot: (-0.0302128, -2.58665e-09, 4.88613e-09, 0.999543)
        Scl: (1, 1, 1)
      Bone: spine_03
        OffsetMatrix:
          [-3.81463e-07, 1, 1.19843e-05, -0.00114917]
          [0.0624701, 1.19847e-05, -0.998047, 112.932]
          [-0.998047, 3.67941e-07, -0.0624702, 11.3291]
          [0, 0, 0, 1]
        BindPose (Relative):
          Loc: (5.85631e-09, -0.0723821, -1.90695e-08)
          Rot: (-0.0953701, -5.95978e-09, 1.83456e-08, 0.995442)
          Scl: (1, 1, 1)
        Bone: spine_04
          OffsetMatrix:
            [-3.82594e-07, 1, 1.19636e-05, -0.00114702]
            [0.164108, 1.18642e-05, -0.986442, 119.663]
            [-0.986443, 1.58591e-06, -0.164108, 23.6783]
            [0, 0, 0, 1]
          BindPose (Relative):
            Loc: (3.75667e-09, -0.0852389, 7.39086e-08)
            Rot: (-0.0511493, -1.73535e-09, 1.0205e-08, 0.998691)
            Scl: (1, 0.999999, 0.999999)
          Bone: spine_05
            OffsetMatrix:
              [-3.81753e-07, 1, 1.19572e-05, -0.00114658]
              [0.175777, 1.18381e-05, -0.98443, 138.813]
              [-0.98443, 1.72599e-06, -0.175777, 25.3237]
              [0, 0, 0, 1]
            BindPose (Relative):
              Loc: (4.59195e-09, -0.194398, -1.9678e-08)
              Rot: (-0.00592041, -1.1948e-10, 3.20626e-09, 0.999982)
              Scl: (1, 1, 1)
            Bone: neck_01
              OffsetMatrix:
                [-3.55353e-07, 1, 1.20356e-05, -0.00115872]
                [-0.238572, 1.16033e-05, -0.971125, 148.021]
                [-0.971125, -3.21645e-06, 0.238572, -37.9704]
                [0, 0, 0, 1]
              BindPose (Relative):
                Loc: (2.05319e-09, -0.118879, 8.33297e-09)
                Rot: (0.207281, 1.19436e-08, -3.95301e-08, 0.978281)
                Scl: (1, 1, 1)
              Bone: neck_02
                OffsetMatrix:
                  [-3.58635e-07, 1, 1.20358e-05, -0.00115925]
                  [-0.206021, 1.17037e-05, -0.978548, 154.313]
                  [-0.978548, -2.83056e-06, 0.206021, -32.8374]
                  [0, 0, 0, 1]
                BindPose (Relative):
                  Loc: (5.01244e-09, -0.0511012, 2.59517e-08)
                  Rot: (-0.0166935, -1.62971e-09, 2.75626e-10, 0.999861)
                  Scl: (1, 1, 1)
                Bone: head
                  OffsetMatrix:
                    [-3.78704e-07, 1, 1.19961e-05, -0.00115327]
                    [-0.000220421, 1.19961e-05, -1, 162.576]
                    [-1, -3.81348e-07, 0.000220421, 0.635205]
                    [0, 0, 0, 1]
                  BindPose (Relative):
                    Loc: (4.79351e-09, -0.0491318, 1.01552e-08)
                    Rot: (-0.103458, -7.93078e-09, 2.07173e-08, 0.994634)
                    Scl: (1, 1, 1)
            Bone: clavicle_l
              OffsetMatrix:
                [-0.00333399, -0.152534, 0.988293, -144.813]
                [0.045934, 0.987232, 0.152525, -20.8248]
                [-0.998939, 0.0459048, 0.00371509, -2.21075]
                [0, 0, 0, 1]
              BindPose (Relative):
                Loc: (-0.0142792, -0.0551638, 0.0131478)
                Rot: (0.041261, 0.0832544, -0.75454, 0.649643)
                Scl: (1, 0.999999, 1)
              Bone: upperarm_l
                OffsetMatrix:
                  [-0.0562683, -0.81671, 0.574299, -98.1309]
                  [-0.0232585, 0.576127, 0.817029, -106.421]
                  [-0.998145, 0.0326155, -0.0514131, 5.45426]
                  [0, 0, 0, 1]
                BindPose (Relative):
                  Loc: (1.00415e-07, -0.178096, -5.96046e-10)
                  Rot: (0.0201727, -0.0199286, -0.391705, 0.919654)
                  Scl: (1, 1, 1)
                Bone: lowerarm_l
                  OffsetMatrix:
                    [-0.0562686, -0.816709, 0.574299, -98.1309]
                    [-0.64594, 0.468388, 0.602806, -57.7101]
                    [-0.761312, -0.337044, -0.553901, 53.7127]
                    [0, 0, 0, 1]
                  BindPose (Relative):
                    Loc: (9.97633e-08, -0.277711, 1.22786e-07)
                    Rot: (0.333628, -3.30955e-08, 1.52264e-07, 0.942705)
                    Scl: (1, 1, 1)
                  Bone: lowerarm_twist_02_l
                    OffsetMatrix:
                      [-0.0573017, -0.794495, 0.604561, -100.747]
                      [-0.617206, 0.504161, 0.604052, -47.4792]
                      [-0.784712, -0.338526, -0.519257, 49.7485]
                      [0, 0, 0, 1]
                    BindPose (Relative):
                      Loc: (-4.17233e-08, -0.0908378, -6.91414e-08)
                      Rot: (-0.0174873, 0.011475, 0.0148624, 0.999671)
                      Scl: (0.999999, 1, 1)
                  Bone: lowerarm_twist_01_l
                    OffsetMatrix:
                      [-0.0573015, -0.794495, 0.604561, -100.481]
                      [-0.617206, 0.504161, 0.604052, -38.4051]
                      [-0.784712, -0.338526, -0.519257, 50.0692]
                      [0, 0, 0, 1]
                    BindPose (Relative):
                      Loc: (-8.88109e-08, -0.181675, -5.72205e-08)
                      Rot: (-0.0174872, 0.0114751, 0.0148624, 0.999671)
                      Scl: (0.999999, 1, 1)
                  Bone: lowerarm_correctiveRoot_l
                    OffsetMatrix:
                      [-0.0579707, -0.793953, 0.605209, -101.074]
                      [-0.644203, 0.492872, 0.584876, -54.6817]
                      [-0.762654, -0.355972, -0.540039, 51.3715]
                      [0, 0, 0, 1]
                    BindPose (Relative):
                      Loc: (2.08616e-08, -1.0848e-07, -6.4373e-08)
                      Rot: (3.35377e-07, 0.0117495, 0.0151982, 0.999815)
                      Scl: (1, 1, 1)
                    Bone: lowerarm_in_l
                      OffsetMatrix:
                        [0.0579695, 0.793954, -0.605208, 97.0854]
                        [-0.644203, 0.492871, 0.584877, -53.9647]
                        [0.762655, 0.355972, 0.540039, -50.6527]
                        [0, 0, 0, 1]
                      BindPose (Relative):
                        Loc: (-0.0398891, -0.0071719, 0.00718803)
                        Rot: (9.40636e-07, 1, -2.57045e-07, 7.54981e-08)
                        Scl: (1, 1, 1)
                    Bone: lowerarm_out_l
                      OffsetMatrix:
                        [-0.0579708, -0.793953, 0.605209, -103.796]
                        [-0.644203, 0.492872, 0.584876, -54.0977]
                        [-0.762654, -0.355972, -0.540039, 50.7964]
                        [0, 0, 0, 1]
                      BindPose (Relative):
                        Loc: (0.0272127, -0.00583956, 0.00575177)
                        Rot: (-1.19209e-07, -4.19095e-08, 3.1665e-08, 1)
                        Scl: (1, 1, 1)
                    Bone: lowerarm_fwd_l
                      OffsetMatrix:
                        [0.76265, 0.35592, 0.54008, -55.0374]
                        [-0.644204, 0.492871, 0.584876, -52.9885]
                        [-0.058021, -0.793977, 0.605173, -100.632]
                        [0, 0, 0, 1]
                      BindPose (Relative):
                        Loc: (-0.00438877, -0.0169349, -0.0365911)
                        Rot: (2.10742e-08, 0.707083, -3.37165e-07, 0.70713)
                        Scl: (1, 1, 1)
                    Bone: lowerarm_bck_l
                      OffsetMatrix:
                        [-0.762659, -0.356024, -0.539998, 46.4466]
                        [-0.644202, 0.492872, 0.584877, -54.0196]
                        [0.0579198, 0.793929, -0.605245, 99.9131]
                        [0, 0, 0, 1]
                      BindPose (Relative):
                        Loc: (-0.0116425, -0.0066233, 0.0491827)
                        Rot: (-8.113e-07, -0.707083, 3.38481e-07, 0.70713)
                        Scl: (1, 1, 1)
                  Bone: hand_l
                    OffsetMatrix:
                      [-0.738901, -0.611381, -0.283264, 11.9814]
                      [-0.62228, 0.457921, 0.634883, -34.6812]
                      [-0.258443, 0.645385, -0.718809, 109.982]
                      [0, 0, 0, 1]
                    BindPose (Relative):
                      Loc: (-1.04308e-07, -0.272511, -1.81198e-07)
                      Rot: (-0.020539, -0.557573, -0.00164811, 0.829872)
                      Scl: (1, 1, 1)
                    Bone: wrist_inner_l
                      OffsetMatrix:
                        [-0.263685, 0.693477, -0.670492, 105.622]
                        [-0.790719, 0.242719, 0.562007, -35.3201]
                        [0.55248, 0.678363, 0.484344, -26.9305]
                        [0, 0, 0, 1]
                      BindPose (Relative):
                        Loc: (0.000379848, 0.00703605, 0.0165879)
                        Rot: (-0.116094, -0.7163, -0.0807512, 0.683312)
                        Scl: (1, 0.999999, 1)
                    Bone: wrist_outer_l
                      OffsetMatrix:
                        [0.263623, -0.693535, 0.670457, -109.542]
                        [-0.790724, 0.242728, 0.561995, -34.7467]
                        [-0.552502, -0.678302, -0.484406, 27.1046]
                        [0, 0, 0, 1]
                      BindPose (Relative):
                        Loc: (-0.00124146, -0.000196362, -0.0223854)
                        Rot: (0.080752, 0.683279, -0.116092, 0.716332)
                        Scl: (1, 0.999999, 1)
                    Bone: index_metacarpal_l
                      OffsetMatrix:
                        [-0.637683, -0.701268, -0.318723, 11.7]
                        [-0.714061, 0.382957, 0.586056, -27.9976]
                        [-0.288925, 0.601305, -0.744953, 111.544]
                        [0, 0, 0, 1]
                      BindPose (Relative):
                        Loc: (-0.0237933, -0.034445, -0.00384715)
                        Rot: (0.00708019, 0.0289621, -0.063692, 0.997524)
                        Scl: (1, 0.999999, 1)
                      Bone: index_01_l
                        OffsetMatrix:
                          [-0.637684, -0.701268, -0.318722, 11.4592]
                          [-0.540849, 0.112992, 0.833496, -64.5386]
                          [-0.548491, 0.703887, -0.451333, 93.5764]
                          [0, 0, 0, 1]
                        BindPose (Relative):
                          Loc: (0.00240863, -0.0587717, 0.000432014)
                          Rot: (-0.202551, 4.56497e-08, 1.19831e-07, 0.979272)
                          Scl: (1, 1, 1)
                        Bone: index_02_l
                          OffsetMatrix:
                            [-0.637684, -0.701268, -0.318721, 11.4591]
                            [-0.381736, -0.0716855, 0.921487, -82.4754]
                            [-0.669057, 0.709285, -0.221987, 74.8973]
                            [0, 0, 0, 1]
                          BindPose (Relative):
                            Loc: (9.53674e-09, -0.0407986, 1.81198e-07)
                            Rot: (-0.129582, -1.44643e-07, 1.42765e-07, 0.991569)
                            Scl: (1, 1, 1)
                          Bone: index_03_l
                            OffsetMatrix:
                              [-0.637683, -0.701268, -0.318721, 11.459]
                              [-0.227708, -0.223659, 0.947695, -94.2104]
                              [-0.735873, 0.676904, -0.0170605, 55.811]
                              [0, 0, 0, 1]
                            BindPose (Relative):
                              Loc: (6.67572e-08, -0.0259506, -3.8147e-08)
                              Rot: (-0.108981, 4.56272e-07, -7.58892e-08, 0.994044)
                              Scl: (0.999999, 1, 0.999999)
                    Bone: middle_metacarpal_l
                      OffsetMatrix:
                        [-0.755613, -0.561975, -0.336503, 20.4018]
                        [-0.630558, 0.484991, 0.605954, -26.8327]
                        [-0.17733, 0.670051, -0.720823, 110.699]
                        [0, 0, 0, 1]
                      BindPose (Relative):
                        Loc: (-0.00182868, -0.0337582, -0.00753591)
                        Rot: (0.0202339, -0.037263, 0.000366112, 0.999101)
                        Scl: (1, 1, 1)
                      Bone: middle_01_l
                        OffsetMatrix:
                          [-0.755613, -0.561975, -0.336503, 20.4018]
                          [-0.444383, 0.0623915, 0.893661, -75.6234]
                          [-0.48122, 0.824798, -0.296876, 83.458]
                          [0, 0, 0, 1]
                        BindPose (Relative):
                          Loc: (3.8147e-08, -0.0609827, 1.66893e-08)
                          Rot: (-0.272042, 1.93563e-09, -3.45513e-07, 0.962286)
                          Scl: (1, 0.999999, 1)
                        Bone: middle_02_l
                          OffsetMatrix:
                            [-0.755613, -0.561974, -0.336502, 20.4017]
                            [-0.244878, -0.234119, 0.940863, -95.4694]
                            [-0.607522, 0.79333, 0.0392884, 53.0535]
                            [0, 0, 0, 1]
                          BindPose (Relative):
                            Loc: (1.90735e-08, -0.0516882, -4.76837e-08)
                            Rot: (-0.180242, -4.18499e-07, 3.0772e-07, 0.983622)
                            Scl: (1, 1, 1)
                          Bone: middle_03_l
                            OffsetMatrix:
                              [-0.755613, -0.561975, -0.336502, 20.4018]
                              [-0.135695, -0.368285, 0.919757, -100.793]
                              [-0.640808, 0.740642, 0.202023, 36.1042]
                              [0, 0, 0, 1]
                            BindPose (Relative):
                              Loc: (7.62939e-08, -0.0247406, 6.91414e-08)
                              Rot: (-0.0871306, 2.26708e-08, -9.34878e-09, 0.996197)
                              Scl: (1, 1, 0.999999)
                    Bone: thumb_01_l
                      OffsetMatrix:
                        [0.370225, -0.903186, 0.217227, -70.969]
                        [-0.85165, -0.236624, 0.467655, -43.3403]
                        [-0.370979, -0.358139, -0.856803, 78.5187]
                        [0, 0, 0, 1]
                      BindPose (Relative):
                        Loc: (-0.0258154, -0.0199244, 0.0135657)
                        Rot: (0.0670187, 0.505173, -0.369121, 0.777212)
                        Scl: (1, 1, 1)
                      Bone: thumb_02_l
                        OffsetMatrix:
                          [0.389598, -0.877522, 0.279586, -76.5323]
                          [-0.648207, -0.0456139, 0.760097, -64.3608]
                          [-0.654249, -0.477362, -0.586587, 52.1567]
                          [0, 0, 0, 1]
                        BindPose (Relative):
                          Loc: (-1.42109e-16, -0.0437807, -3.8147e-08)
                          Rot: (-0.20185, 0.0335398, 0.0102842, 0.978788)
                          Scl: (1, 1, 1)
                        Bone: thumb_03_l
                          OffsetMatrix:
                            [0.389595, -0.877523, 0.279587, -76.5324]
                            [-0.52479, 0.0379486, 0.850385, -69.3987]
                            [-0.756843, -0.478031, -0.445731, 40.7278]
                            [0, 0, 0, 1]
                          BindPose (Relative):
                            Loc: (-1.42109e-16, -0.0308586, 6.67572e-08)
                            Rot: (-0.0871293, -7.77819e-07, 7.18921e-07, 0.996197)
                            Scl: (1, 1, 1)
                    Bone: pinky_metacarpal_l
                      OffsetMatrix:
                        [-0.958, -0.0784694, -0.275826, 39.506]
                        [-0.277023, 0.501872, 0.81938, -53.4775]
                        [0.074133, 0.861375, -0.502531, 93.9083]
                        [0, 0, 0, 1]
                      BindPose (Relative):
                        Loc: (0.023911, -0.0331435, -0.00305954)
                        Rot: (-0.0582598, -0.218207, 0.188147, 0.95582)
                        Scl: (1, 0.999999, 1)
                      Bone: pinky_01_l
                        OffsetMatrix:
                          [-0.939103, -0.254879, -0.230482, 25.4833]
                          [-0.296843, 0.263804, 0.917764, -70.5574]
                          [-0.173116, 0.930293, -0.323398, 84.5494]
                          [0, 0, 0, 1]
                        BindPose (Relative):
                          Loc: (-0.00198853, -0.0495763, -0.00143104)
                          Rot: (-0.128055, 0.0899688, -0.016999, 0.987531)
                          Scl: (0.999999, 1, 1)
                        Bone: pinky_02_l
                          OffsetMatrix:
                            [-0.939103, -0.254879, -0.230483, 25.4834]
                            [-0.213761, -0.0918673, 0.972557, -92.8793]
                            [-0.269058, 0.962599, 0.0317898, 54.5569]
                            [0, 0, 0, 1]
                          BindPose (Relative):
                            Loc: (9.53674e-09, -0.0381587, 6.4373e-08)
                            Rot: (-0.184667, -1.37523e-07, -7.11663e-07, 0.982801)
                            Scl: (1, 1, 1)
                          Bone: pinky_03_l
                            OffsetMatrix:
                              [-0.939103, -0.254878, -0.230482, 25.4833]
                              [-0.189921, -0.174003, 0.966257, -95.1797]
                              [-0.286382, 0.951189, 0.115001, 46.5733]
                              [0, 0, 0, 1]
                            BindPose (Relative):
                              Loc: (-3.55271e-17, -0.0204006, 8.10623e-08)
                              Rot: (-0.0428792, -4.4197e-07, 6.10578e-07, 0.99908)
                              Scl: (1, 0.999999, 0.999999)
                    Bone: ring_metacarpal_l
                      OffsetMatrix:
                        [-0.884623, -0.342206, -0.31676, 30.3655]
                        [-0.464705, 0.590717, 0.659623, -29.855]
                        [-0.0386116, 0.730717, -0.681587, 107.243]
                        [0, 0, 0, 1]
                      BindPose (Relative):
                        Loc: (0.0109175, -0.0337429, -0.00542546)
                        Rot: (0.0256358, -0.116581, 0.100558, 0.987745)
                        Scl: (1, 1, 1)
                      Bone: ring_01_l
                        OffsetMatrix:
                          [-0.850758, -0.442941, -0.282869, 20.9619]
                          [-0.384012, 0.156449, 0.909977, -73.8377]
                          [-0.358811, 0.882795, -0.303196, 84.4276]
                          [0, 0, 0, 1]
                        BindPose (Relative):
                          Loc: (-0.000207005, -0.0564556, -0.00041603)
                          Rot: (-0.253517, 0.0542009, -0.0131539, 0.965722)
                          Scl: (0.999999, 1, 1)
                        Bone: ring_02_l
                          OffsetMatrix:
                            [-0.850758, -0.442942, -0.282868, 20.9618]
                            [-0.246592, -0.138874, 0.959117, -92.5565]
                            [-0.464116, 0.88573, 0.00892256, 57.4726]
                            [0, 0, 0, 1]
                          BindPose (Relative):
                            Loc: (3.8147e-08, -0.0497686, 4.29153e-08)
                            Rot: (-0.164709, -7.29408e-08, 3.38975e-07, 0.986342)
                            Scl: (1, 0.999999, 1)
                          Bone: ring_03_l
                            OffsetMatrix:
                              [-0.850758, -0.442942, -0.282868, 20.9619]
                              [-0.169518, -0.278184, 0.945451, -98.2932]
                              [-0.497469, 0.852301, 0.16158, 42.357]
                              [0, 0, 0, 1]
                            BindPose (Relative):
                              Loc: (-3.8147e-08, -0.0226507, -8.52346e-08)
                              Rot: (-0.0798973, 1.36876e-07, -1.84993e-07, 0.996803)
                              Scl: (1, 1, 1)
                    Bone: weapon_l
                      OffsetMatrix:
                        [-0.920407, -0.338728, -0.195232, 18.3015]
                        [-0.354056, 0.510364, 0.783692, -50.4955]
                        [-0.165819, 0.790438, -0.589671, 100.887]
                        [0, 0, 0, 1]
                      BindPose (Relative):
                        Loc: (0.00519514, -0.0116336, 0.0131702)
                        Rot: (-0.0592668, -0.0897855, 0.143864, 0.983732)
                        Scl: (1, 0.999999, 1)
                Bone: upperarm_twist_01_l
                  OffsetMatrix:
                    [-0.0565536, -0.816706, 0.574276, -98.1283]
                    [-0.0236399, 0.576131, 0.817016, -97.1626]
                    [-0.99812, 0.0326294, -0.0518891, 5.51941]
                    [0, 0, 0, 1]
                  BindPose (Relative):
                    Loc: (-4.87268e-08, -0.0925697, 1.07288e-07)
                    Rot: (0.00019078, -0.000143067, -5.07018e-06, 1)
                    Scl: (1, 1, 1)
                  Bone: upperarm_twistCor_01_l
                    OffsetMatrix:
                      [-0.0574326, -0.794507, 0.604533, -101.706]
                      [-0.0272143, 0.606554, 0.794577, -93.3781]
                      [-0.997978, 0.0291826, -0.0564579, 6.05727]
                      [0, 0, 0, 1]
                    BindPose (Relative):
                      Loc: (-1.12504e-07, -7.56606e-08, -5.96046e-10)
                      Rot: (0.00286211, 3.79545e-05, 0.018769, 0.99982)
                      Scl: (1, 1, 1)
                Bone: upperarm_twist_02_l
                  OffsetMatrix:
                    [-0.0562671, -0.816709, 0.5743, -98.131]
                    [-0.0232574, 0.576127, 0.817029, -87.9066]
                    [-0.998145, 0.0326152, -0.0514115, 5.45404]
                    [0, 0, 0, 1]
                  BindPose (Relative):
                    Loc: (1.48267e-08, -0.18514, 9.53674e-08)
                    Rot: (-5.55999e-07, 5.83473e-07, 2.84577e-07, 1)
                    Scl: (1, 1, 1)
                  Bone: upperarm_tricep_l
                    OffsetMatrix:
                      [-0.989789, 0.111336, -0.0890099, 7.76774]
                      [-0.00772739, 0.581614, 0.813428, -86.5359]
                      [0.142333, 0.80581, -0.574815, 98.2707]
                      [0, 0, 0, 1]
                    BindPose (Relative):
                      Loc: (-0.00201711, -0.00639887, 0.0488064)
                      Rot: (-0.0023801, -0.736961, 0.00808711, 0.675882)
                      Scl: (1, 0.999999, 1)
                  Bone: upperarm_bicep_l
                    OffsetMatrix:
                      [0.989781, -0.111381, 0.0890387, -16.9201]
                      [-0.00772477, 0.581616, 0.813427, -86.6484]
                      [-0.142386, -0.805803, 0.574812, -95.8817]
                      [0, 0, 0, 1]
                    BindPose (Relative):
                      Loc: (-0.0179184, -0.00679808, -0.0443936)
                      Rot: (-0.00808843, 0.675863, -0.00238, 0.736979)
                      Scl: (1, 1, 1)
                  Bone: upperarm_twistCor_02_l
                    OffsetMatrix:
                      [-0.0594864, -0.746685, 0.662513, -107.392]
                      [-0.0337491, 0.664813, 0.746247, -76.204]
                      [-0.997659, 0.0220324, -0.0647473, 6.85409]
                      [0, 0, 0, 1]
                    BindPose (Relative):
                      Loc: (-4.85778e-08, 5.53206e-08, -6.55651e-09)
                      Rot: (0.00851574, -1.25428e-06, 0.0563371, 0.998375)
                      Scl: (1, 1, 1)
                Bone: upperarm_correctiveRoot_l
                  OffsetMatrix:
                    [-0.0562677, -0.816709, 0.5743, -98.131]
                    [-0.0232575, 0.576127, 0.817029, -106.421]
                    [-0.998145, 0.0326156, -0.051412, 5.4541]
                    [0, 0, 0, 1]
                  BindPose (Relative):
                    Loc: (1.81794e-08, 6.33299e-10, 7.7486e-08)
                    Rot: (-4.66592e-07, 2.87779e-07, 2.8545e-07, 1)
                    Scl: (1, 1, 1)
                  Bone: upperarm_bck_l
                    OffsetMatrix:
                      [-0.963661, -0.230463, 0.135078, -33.6025]
                      [-0.023258, 0.576127, 0.817029, -104.952]
                      [-0.266117, 0.784197, -0.560551, 92.6349]
                      [0, 0, 0, 1]
                    BindPose (Relative):
                      Loc: (0.00385865, -0.0146785, 0.0764449)
                      Rot: (3.12386e-08, -0.583087, -2.28056e-07, 0.81241)
                      Scl: (1, 1, 1)
                  Bone: upperarm_fwd_l
                    OffsetMatrix:
                      [0.977416, -0.024693, -0.20988, 23.1012]
                      [0.184426, 0.584582, 0.790096, -100.465]
                      [0.103182, -0.810959, 0.575933, -98.1499]
                      [0, 0, 0, 1]
                    BindPose (Relative):
                      Loc: (-0.010631, -0.0325508, -0.0850914)
                      Rot: (-0.08008, 0.757042, -0.0675981, 0.644907)
                      Scl: (1, 1, 1)
                  Bone: upperarm_in_l
                    OffsetMatrix:
                      [0.0548483, 0.114942, -0.991857, 136.789]
                      [0.0264337, 0.992837, 0.116517, 2.93492]
                      [0.998145, -0.0326093, 0.0514171, -5.99905]
                      [0, 0, 0, 1]
                    BindPose (Relative):
                      Loc: (-0.0476188, -0.0641032, -0.00544396)
                      Rot: (-0.408299, 0.912848, 4.02399e-06, 6.13079e-07)
                      Scl: (1, 1, 1)
                  Bone: upperarm_out_l
                    OffsetMatrix:
                      [-0.0562675, -0.816709, 0.5743, -103.935]
                      [-0.0232577, 0.576127, 0.817029, -106.2]
                      [-0.998145, 0.0326154, -0.051412, 5.40232]
                      [0, 0, 0, 1]
                    BindPose (Relative):
                      Loc: (0.0580393, -0.00220441, 0.000517651)
                      Rot: (3.49246e-08, 8.47504e-08, -2.50584e-08, 1)
                      Scl: (1, 1, 1)
              Bone: clavicle_out_l
                OffsetMatrix:
                  [-0.00799553, -0.0988397, 0.995071, -151.369]
                  [-0.0286756, 0.994717, 0.098574, -0.913673]
                  [-0.999557, -0.0277461, -0.0107876, -0.618664]
                  [0, 0, 0, 1]
                BindPose (Relative):
                  Loc: (0.062818, -0.118134, -0.00443817)
                  Rot: (0.0374462, -0.00256355, 0.0270394, 0.998929)
                  Scl: (1, 1, 1)
              Bone: clavicle_scap_l
                OffsetMatrix:
                  [-0.0080361, -0.0988269, 0.995072, -143.263]
                  [0.0301626, -0.994667, -0.098543, 3.79162]
                  [0.999513, 0.0292224, 0.0109742, 8.4954]
                  [0, 0, 0, 1]
                BindPose (Relative):
                  Loc: (-0.0199317, -0.0998589, 0.0757826)
                  Rot: (0.998901, 0.0270474, 0.00256371, -0.0381902)
                  Scl: (1, 1.00001, 1)
            Bone: clavicle_r
              OffsetMatrix:
                [0.00326381, -0.152575, -0.988287, 144.812]
                [-0.0459302, 0.987229, -0.152563, 20.8316]
                [0.99894, 0.0458901, -0.00378567, 2.22119]
                [0, 0, 0, 1]
              BindPose (Relative):
                Loc: (0.0142789, -0.0551634, 0.0131482)
                Rot: (0.649617, 0.754559, 0.0832774, -0.0412868)
                Scl: (1, 0.999998, 1)
              Bone: upperarm_r
                OffsetMatrix:
                  [0.0562165, -0.816742, -0.574259, 98.1238]
                  [0.0232112, 0.576083, -0.817064, 106.426]
                  [0.998149, 0.0326032, 0.0513428, -5.44381]
                  [0, 0, 0, 1]
                BindPose (Relative):
                  Loc: (6.59154e-06, 0.178098, -1.44839e-07)
                  Rot: (0.0201727, -0.0199284, -0.391711, 0.919651)
                  Scl: (1, 1, 1)
                Bone: lowerarm_r
                  OffsetMatrix:
                    [0.0562125, -0.816739, -0.574264, 98.1247]
                    [0.645908, 0.468346, -0.602874, 57.7205]
                    [0.761344, -0.337033, 0.553865, -53.7074]
                    [0, 0, 0, 1]
                  BindPose (Relative):
                    Loc: (-2.78987e-06, 0.277708, -1.16825e-07)
                    Rot: (0.333629, 2.8398e-06, 1.54354e-06, 0.942704)
                    Scl: (0.999999, 1, 1)
                  Bone: lowerarm_twist_02_r
                    OffsetMatrix:
                      [0.0572444, -0.794527, -0.604526, 100.741]
                      [0.617176, 0.504119, -0.604119, 47.4895]
                      [0.784742, -0.338517, 0.519221, -49.743]
                      [0, 0, 0, 1]
                    BindPose (Relative):
                      Loc: (-5.64009e-07, 0.0908377, -3.88622e-07)
                      Rot: (-0.0174872, 0.0114748, 0.0148625, 0.999671)
                      Scl: (1, 1, 1)
                  Bone: lowerarm_twist_01_r
                    OffsetMatrix:
                      [0.0572444, -0.794526, -0.604527, 100.475]
                      [0.617176, 0.504119, -0.604119, 38.4153]
                      [0.784742, -0.338517, 0.519221, -50.0636]
                      [0, 0, 0, 1]
                    BindPose (Relative):
                      Loc: (-1.27971e-06, 0.181674, -8.15392e-07)
                      Rot: (-0.0174872, 0.0114749, 0.0148626, 0.999671)
                      Scl: (1, 1, 1)
                  Bone: lowerarm_correctiveRoot_r
                    OffsetMatrix:
                      [0.0579127, -0.793986, -0.605173, 101.068]
                      [0.644174, 0.492829, -0.584946, 54.6927]
                      [0.762685, -0.355961, 0.540006, -51.3667]
                      [0, 0, 0, 1]
                    BindPose (Relative):
                      Loc: (-2.16134e-06, 5.126e-08, 8.34465e-08)
                      Rot: (3.16718e-07, 0.0117493, 0.0151976, 0.999815)
                      Scl: (1, 1, 1)
                    Bone: lowerarm_out_r
                      OffsetMatrix:
                        [0.0579136, -0.793984, -0.605176, 103.993]
                        [0.644173, 0.492832, -0.584945, 53.9854]
                        [0.762686, -0.355961, 0.540004, -50.7486]
                        [0, 0, 0, 1]
                      BindPose (Relative):
                        Loc: (-0.0292451, 0.00707083, -0.00617866)
                        Rot: (-6.63102e-07, 6.73346e-07, 1.45566e-06, 1)
                        Scl: (1, 1, 1)
                    Bone: lowerarm_in_r
                      OffsetMatrix:
                        [-0.0579119, 0.793984, 0.605175, -97.2431]
                        [0.644172, 0.492832, -0.584946, 53.8349]
                        [-0.762687, 0.355961, -0.540003, 50.5495]
                        [0, 0, 0, 1]
                      BindPose (Relative):
                        Loc: (0.0382547, 0.00857792, -0.00816851)
                        Rot: (-8.15839e-07, 1, -1.42306e-06, -1.14838e-06)
                        Scl: (1, 1, 1)
                    Bone: lowerarm_fwd_r
                      OffsetMatrix:
                        [-0.76268, 0.355904, -0.54005, 54.9618]
                        [0.644175, 0.492829, -0.584945, 52.8799]
                        [0.0579675, -0.794011, -0.605134, 100.838]
                        [0, 0, 0, 1]
                      BindPose (Relative):
                        Loc: (0.00226007, 0.0181275, 0.0358771)
                        Rot: (-2.67359e-07, 0.707081, 4.87305e-07, 0.707132)
                        Scl: (1, 0.999999, 1)
                    Bone: lowerarm_bck_r
                      OffsetMatrix:
                        [0.762688, -0.356009, 0.53997, -46.3591]
                        [0.644175, 0.492829, -0.584944, 53.9201]
                        [-0.0578673, 0.793964, 0.605206, -100.085]
                        [0, 0, 0, 1]
                      BindPose (Relative):
                        Loc: (0.00985802, 0.0077235, -0.0500159)
                        Rot: (6.26915e-07, -0.707086, -2.48923e-07, 0.707128)
                        Scl: (1, 1, 0.999999)
                  Bone: hand_r
                    OffsetMatrix:
                      [0.73891, -0.611379, 0.28325, -11.9795]
                      [0.622248, 0.457876, -0.634948, 34.6914]
                      [0.2585, 0.64542, 0.718757, -109.974]
                      [0, 0, 0, 1]
                    BindPose (Relative):
                      Loc: (-1.93298e-06, 0.272512, -1.28746e-06)
                      Rot: (-0.0205387, -0.557576, -0.00164884, 0.82987)
                      Scl: (1, 1, 1)
                    Bone: wrist_inner_r
                      OffsetMatrix:
                        [0.263743, 0.693502, 0.670444, -105.614]
                        [0.790686, 0.24268, -0.562071, 35.3296]
                        [-0.552502, 0.678354, -0.484337, 26.9296]
                        [0, 0, 0, 1]
                      BindPose (Relative):
                        Loc: (-0.000381689, -0.00703355, -0.0165866)
                        Rot: (-0.116091, -0.716298, -0.0807519, 0.683315)
                        Scl: (0.999999, 0.999999, 1)
                    Bone: wrist_outer_r
                      OffsetMatrix:
                        [-0.263681, -0.693562, -0.670406, 109.534]
                        [0.79069, 0.242688, -0.562061, 34.7565]
                        [0.552524, -0.67829, 0.484401, -27.1042]
                        [0, 0, 0, 1]
                      BindPose (Relative):
                        Loc: (0.00124034, 0.00019865, 0.0223875)
                        Rot: (0.0807519, 0.683282, -0.116091, 0.71633)
                        Scl: (1, 1, 1)
                    Bone: pinky_metacarpal_r
                      OffsetMatrix:
                        [0.958016, -0.0784703, 0.275769, -39.4973]
                        [0.276979, 0.501824, -0.819426, 53.4844]
                        [-0.0740866, 0.861404, 0.502489, -93.9017]
                        [0, 0, 0, 1]
                      BindPose (Relative):
                        Loc: (-0.0239132, 0.0331467, 0.00305997)
                        Rot: (-0.0582596, -0.218208, 0.188147, 0.95582)
                        Scl: (0.999999, 0.999999, 1)
                      Bone: pinky_01_r
                        OffsetMatrix:
                          [0.939116, -0.254879, 0.230435, -25.4763]
                          [0.296787, 0.26375, -0.917799, 70.5627]
                          [0.17315, 0.930309, 0.323337, -84.5399]
                          [0, 0, 0, 1]
                        BindPose (Relative):
                          Loc: (0.00198908, 0.0495741, 0.00143303)
                          Rot: (-0.128056, 0.0899676, -0.016998, 0.987532)
                          Scl: (1, 1, 1)
                        Bone: pinky_02_r
                          OffsetMatrix:
                            [0.939117, -0.254879, 0.230429, -25.4757]
                            [0.21369, -0.091917, -0.972568, 92.8806]
                            [0.269068, 0.962596, -0.0318557, -54.5467]
                            [0, 0, 0, 1]
                          BindPose (Relative):
                            Loc: (-2.09808e-07, 0.0381592, 2.21729e-07)
                            Rot: (-0.184665, -1.68321e-07, 3.08071e-06, 0.982802)
                            Scl: (1, 0.999999, 1)
                          Bone: pinky_03_r
                            OffsetMatrix:
                              [0.939117, -0.254879, 0.23043, -25.4758]
                              [0.189852, -0.174053, -0.966262, 95.1799]
                              [0.286388, 0.951182, -0.115067, -46.563]
                              [0, 0, 0, 1]
                            BindPose (Relative):
                              Loc: (9.53674e-09, 0.0204007, -5.72205e-08)
                              Rot: (-0.0428788, 1.14076e-07, -3.36517e-07, 0.99908)
                              Scl: (1, 1, 1)
                    Bone: ring_metacarpal_r
                      OffsetMatrix:
                        [0.884639, -0.342204, 0.316721, -30.3598]
                        [0.464673, 0.590674, -0.659686, 29.8649]
                        [0.0386681, 0.730754, 0.681545, -107.237]
                        [0, 0, 0, 1]
                      BindPose (Relative):
                        Loc: (-0.0109181, 0.0337419, 0.00543037)
                        Rot: (0.025636, -0.116581, 0.100559, 0.987745)
                        Scl: (1, 1, 1)
                      Bone: ring_01_r
                        OffsetMatrix:
                          [0.850773, -0.442937, 0.282835, -20.9573]
                          [0.383953, 0.156396, -0.910012, 73.8429]
                          [0.358843, 0.882808, 0.303124, -84.4168]
                          [0, 0, 0, 1]
                        BindPose (Relative):
                          Loc: (0.000206413, 0.0564581, 0.000414643)
                          Rot: (-0.253517, 0.0541995, -0.0131518, 0.965722)
                          Scl: (0.999999, 0.999999, 1)
                        Bone: ring_02_r
                          OffsetMatrix:
                            [0.850775, -0.442936, 0.28283, -20.957]
                            [0.246524, -0.138923, -0.959128, 92.5579]
                            [0.464124, 0.885726, -0.00899814, -57.4611]
                            [0, 0, 0, 1]
                          BindPose (Relative):
                            Loc: (-2.67029e-07, 0.0497693, 2.24113e-07)
                            Rot: (-0.164707, -4.08138e-07, 2.25102e-06, 0.986343)
                            Scl: (1, 0.999999, 1)
                          Bone: ring_03_r
                            OffsetMatrix:
                              [0.850774, -0.442937, 0.28283, -20.9569]
                              [0.169449, -0.278231, -0.945449, 98.2927]
                              [0.497467, 0.85229, -0.161657, -42.3454]
                              [0, 0, 0, 1]
                            BindPose (Relative):
                              Loc: (7.62939e-08, 0.0226502, 9.23872e-08)
                              Rot: (-0.0798974, 2.82045e-07, 1.87796e-07, 0.996803)
                              Scl: (1, 1, 0.999999)
                    Bone: middle_metacarpal_r
